steps,time,reward,delta,converged
1,0.034997673090401804,-5.533333333333333,10.0,False
2,0.03288607148897427,-5.149700598802395,0.074358,False
3,0.03260873859471758,-6.137724550898204,0.043119885681456194,False
4,0.032675108857802115,-4.952095808383233,0.04958001247341133,False
5,0.00946289862622507,-2.380281690140845,9.0,False
6,0.011742006136046257,-4.926136363636363,8.1,False
7,0.033904539013747126,-4.754491017964072,0.0555629784102592,False
8,0.007149025739636272,-0.09009009009009009,7.290000000000001,False
9,0.0335671568318503,-4.7730923694779115,6.561,False
10,0.007236334242406883,-3.7222222222222223,5.9049000000000005,False
11,0.006691149919788586,-3.9207920792079207,5.3144100000000005,False
12,0.00878497377198073,-2.4306569343065694,4.7829690000000005,False
13,0.0024624158613733016,-0.9459459459459459,4.3046721,False
14,0.01094714319515333,-3.4936708860759493,3.87420489,False
15,0.011913067593923188,-4.344632768361582,3.486784401,False
16,0.0092697137461073,-6.563380281690141,3.138105960900001,False
17,0.011092525681306142,-5.576158940397351,2.82429536481,False
18,0.012945757320267148,-4.948571428571428,2.541865828329,False
19,0.006704186936985934,-2.9797979797979797,2.2876792454961006,False
20,0.011436228842285345,-3.3592814371257487,2.05891132094649,False
21,0.007995641686648014,-5.25,1.8530201888518407,False
22,0.013943286608991912,-4.29047619047619,1.6677181699666563,False
23,0.0025070577667065663,2.2580645161290325,1.50094635296999,False
24,0.011365907965227962,-6.645714285714286,1.350851717672991,False
25,0.013884817564758123,-5.98989898989899,1.2157665459056917,False
26,0.002561181137934909,-8.564102564102564,1.094189891315122,False
27,0.0042919438346871175,0.6290322580645161,0.9847709021836096,False
28,0.002052342435490573,2.2580645161290325,0.8862938119652484,False
29,0.019605697412771406,-5.839160839160839,0.7976644307687238,False
30,0.009290651985793374,-3.185185185185185,0.7178979876918519,False
31,0.004775103565407335,-11.014492753623188,0.6461081889226663,False
32,0.008461813789836015,-5.852459016393443,0.5814973700303995,False
33,0.005925126439251471,-2.1411764705882352,0.523347633027359,False
34,0.0025264157611673,-0.9411764705882353,0.47101286972462336,False
35,0.007138754150219029,-3.8405797101449277,0.42391158275216156,False
36,0.007075149313095608,-6.253333333333333,0.3815204244769461,False
37,0.007598605276143644,-5.695238095238095,0.3433683820292515,False
38,0.0033718465238052886,1.0612244897959184,0.3090315438263261,False
39,0.008342110273588332,-4.041237113402062,0.2781283894436939,False
40,0.021866632112505613,-8.929245283018869,0.2503155504993245,False
41,0.0016474048043164657,3.2083333333333335,0.2252839954493922,False
42,0.004121672500332352,-3.3658536585365852,0.2027555959044534,False
43,0.0026121440205315594,3.391304347826087,0.1824800363140085,False
44,0.0023727369916741736,3.391304347826087,0.16423203268260808,False
45,0.009104578206461156,-7.5777777777777775,0.14780882941434756,False
46,0.0043555486718105385,-2.979591836734694,0.13302794647291308,False
47,0.00638260719824757,-3.925373134328358,0.11972515182562234,False
48,0.024924009996539098,-8.37280701754386,0.1077526366430604,False
49,0.008353171986527741,-6.97979797979798,0.09697737297875478,False
50,0.0050717944559437456,-5.46969696969697,0.08727963568087915,False
51,0.003273081247243681,-7.020408163265306,0.07855167211279196,False
52,0.004191993375570746,-8.433962264150944,0.07069650490151247,False
53,0.0020713053690997185,-4.129032258064516,0.06362685441136194,False
54,0.012518696266852203,-7.634328358208955,0.057264168970225175,False
55,0.0013297756759129697,4.315789473684211,0.05153775207320308,False
56,0.009276034723370685,-9.766129032258064,0.046383976865882914,False
57,0.004456684315300663,-2.830188679245283,0.041745579179294626,False
58,0.0010753563256002963,5.733333333333333,0.037571021261365446,False
59,0.0098524288750923,-11.406015037593985,0.03381391913522833,False
60,0.004267054984666174,-4.03125,0.03043252722170564,False
61,0.010533119157116744,-8.4,0.027389274499535078,False
62,0.0026757488576549804,-0.9047619047619048,0.024650347049581002,False
63,0.0032908589964790735,-0.9310344827586207,0.022185312344622333,False
64,0.009204923724610126,-15.116883116883116,0.019966781110160526,False
65,0.01914979689900065,-9.880239520958083,0.0179701029991449,False
66,0.009283540885007824,-9.302521008403362,0.016173092699230552,False
67,0.011404228891478851,-7.4227642276422765,0.014555783429307212,False
68,0.009461318380999728,-6.6923076923076925,0.01310020508637706,False
69,0.025123120793068665,-8.95176848874598,0.011790184577739638,False
70,0.010926204957286245,-7.076923076923077,0.010611166119966244,False
71,0.011896870089913136,-9.123287671232877,0.00955004950796905,False
72,0.003130069128019386,-0.9428571428571428,0.008595044557172572,False
73,0.0024770331219770014,-3.6944444444444446,0.0077355401014557405,False
74,0.003521969741996145,-2.8653846153846154,0.006961986091310735,False
75,0.00957035524515959,-9.517241379310345,0.0062657874821795195,False
76,0.013898249642807059,-8.992647058823529,0.00563920873396171,False
77,0.013241658087281394,-7.891472868217054,0.00507528786056497,False
78,0.01396936063974863,-5.519083969465649,0.004567759074508615,False
79,0.005354658205760643,-5.260869565217392,0.00411098316705818,False
80,0.005307250872647273,-3.0208333333333335,0.0036998848503529305,False
81,0.001644639376536361,5.733333333333333,0.0033298963653180637,False
82,0.0029270077211549506,2.8846153846153846,0.0029969067287865417,False
83,0.0034931302834593225,-0.9411764705882353,0.0026972160559083137,False
84,0.002625576096761506,1.5897435897435896,0.0024274944503176244,False
85,0.0042243883854098385,-7.354838709677419,0.002184745005286004,False
86,0.0027128846013511065,-0.9310344827586207,0.001966270504757972,False
87,0.004888486102572642,-4.5,0.0017696434542827434,False
88,0.008889664964954136,-8.598290598290598,0.0015926791088546111,False
89,0.0016466146807943005,-0.9166666666666666,0.001433411197969292,False
90,0.006632285814703209,-4.390804597701149,0.0012900700781727894,False
91,0.0014178743040247355,3.8095238095238093,0.0011610630703557945,False
92,0.0034840438784158323,-6.0256410256410255,0.001044956763320215,False
93,0.007500630121285212,-5.833333333333333,0.0009404610869879094,False
94,0.0021104164170537842,2.740740740740741,0.0008464149782895447,False
95,0.0038411791138059925,1.4634146341463414,0.0007617734804611587,False
96,0.0034555994789116085,-10.666666666666666,0.0006855961324149008,False
97,0.014988223227192066,-9.65,0.0006170365191735527,False
98,0.0035041919945797417,-5.454545454545454,0.0005553328672561975,False
99,0.0030439458059845492,-3.5526315789473686,0.0004997995805311461,False
100,0.004355153610958951,-4.69811320754717,0.000449819622477321,False
101,0.003391994639969198,-6.784313725490196,0.0004048376602298731,False
102,0.009461318382818718,-7.891472868217054,0.00036435389420717005,False
103,0.004639202545149601,-3.3095238095238093,0.0003279185047858846,False
104,0.00338251317407412,-4.03125,0.00029512665430786456,False
105,0.01984352419822244,-9.139917695473251,0.0002656139888770781,False
106,0.004663696332499967,-3.8823529411764706,0.00023905258998979662,False
107,0.004085721939190989,-0.9574468085106383,0.00021514733099081695,False
108,0.0015332321454479825,-0.9090909090909091,0.00019363259789173526,False
109,0.0043373758635425474,-8.584615384615384,0.00017426933810327228,False
110,0.001983996864510118,4.05,0.00015684240429294507,False
111,0.004302610484955949,-3.0638297872340425,0.00014115816386350843,False
112,0.0014123434466455365,-0.9,0.00012704234747786813,False
113,0.005788435297290562,-8.942528735632184,0.00011433811273064975,False
114,0.004308931462219334,-14.676923076923076,0.00010290430145687424,False
115,0.006906063161295606,-9.144329896907216,9.261387131118682e-05,False
116,0.003246217091145809,-2.979591836734694,8.33524841794997e-05,False
117,0.002066169574391097,-10.516129032258064,7.501723576126552e-05,False
118,0.02473793621538789,-10.836257309941521,6.751551218542318e-05,False
119,0.006562755061167991,-0.9682539682539683,6.076396096688086e-05,False
120,0.004280882123566698,-0.9487179487179487,5.468756486948223e-05,False
121,0.003993672700744355,-6.157894736842105,4.921880838253401e-05,False
122,0.011802450486356975,-7.115044247787611,4.4296927543996393e-05,False
123,0.002133725023668376,-10.516129032258064,3.986723478988097e-05,False
124,0.0013242448203527601,4.315789473684211,3.588051131089287e-05,False
125,0.0015537753224634798,3.391304347826087,3.229246018037202e-05,False
126,0.004809078820471768,-6.549295774647887,2.9063214162761143e-05,False
127,0.0019642438091977965,-0.9310344827586207,2.6156892747053462e-05,False
128,0.004963942772519658,-4.015384615384615,2.3541203472632335e-05,False
129,0.004204240269245929,-5.758064516129032,2.1187083125084885e-05,False
130,0.007232383633891004,-9.548076923076923,1.9068374813002722e-05,False
131,0.005125127703649923,-6.324324324324325,1.7161537331844557e-05,False
132,0.0034990561980521306,-4.69811320754717,1.544538359894432e-05,False
133,0.003429525444516912,-6.673076923076923,1.3900845239334103e-05,False
134,0.003868438332574442,-6.086206896551724,1.251076071469015e-05,False
135,0.016903084400837542,-10.420634920634921,1.1259684643505353e-05,False
136,0.0061846815842727665,-10.164948453608247,1.0133716179439035e-05,False
137,0.0035180191316612763,-6.363636363636363,9.120344562063566e-06,False
138,0.0028792053253710037,-3.1555555555555554,8.208310106283534e-06,False
139,0.007893320860603126,-9.233333333333333,7.387479095655181e-06,False
140,0.01088709390751319,-5.213414634146342,6.648731185521229e-06,False
141,0.003165624626490171,-3.0208333333333335,5.983858066826997e-06,False
142,0.0020033548589708516,-7.32258064516129,5.38547226085484e-06,False
143,0.0011018254190275911,4.9411764705882355,4.846925034485139e-06,False
144,0.001803453940738109,-11.535714285714286,4.362232530752408e-06,False
145,0.006260928377741948,-10.404761904761905,3.926009277677167e-06,False
146,0.0013321460428414866,4.611111111111111,3.533408349198908e-06,False
147,0.006272780212384532,-10.080459770114942,3.180067514563234e-06,False
148,0.0029696743204112863,-3.2045454545454546,2.862060763675345e-06,False
149,0.0019318487993587041,-4.344827586206897,2.5758546868814847e-06,False
150,0.0012080968572263373,-6.388888888888889,2.3182692189038793e-06,False
151,0.01366871914069634,-8.17877094972067,2.086442296445057e-06,False
152,0.004321573416746105,-4.161290322580645,1.8777980670847684e-06,False
153,0.003774018727199291,-4.69811320754717,1.6900182600920745e-06,False
154,0.0029973285982123343,2.15625,1.5210164335144329e-06,False
155,0.004404536250149249,-5.538461538461538,1.3689147905893151e-06,False
156,0.0022249841367738554,-10.21875,1.232023311104058e-06,False
157,0.00907099801224831,-10.564516129032258,1.1088209802778693e-06,False
158,0.0015612814841006184,-0.9,9.979388821079739e-07,False
159,0.006852729911770439,-7.166666666666667,8.981449937550679e-07,False
160,0.013502398416676442,-9.426136363636363,8.083304948058868e-07,False
161,0.0050030538222927134,-7.566666666666666,7.27497445041081e-07,False
162,0.009871786869553034,-7.957746478873239,6.547476999685387e-07,False
163,0.0017627626475587022,-0.9230769230769231,5.89272930540119e-07,False
164,0.0037064632797410013,-7.555555555555555,5.303456376282156e-07,False
165,0.0025520947310724296,-0.9473684210526315,4.773110731548514e-07,False
166,0.0020013795528939227,-0.9333333333333333,4.2957996555514914e-07,False
167,0.0009193071891786531,-0.8571428571428571,3.866219685733086e-07,False
168,0.0020065153476025444,-0.9333333333333333,3.479597722844119e-07,False
169,0.0019306636168039404,2.3666666666666667,3.131637953401878e-07,False
170,0.001104590846807696,4.9411764705882355,2.81847415806169e-07,False
171,0.0020037499198224396,2.740740740740741,2.536626737992265e-07,False
172,0.004137870004342403,-2.7017543859649122,2.2829640613508673e-07,False
173,0.004600091497195535,-4.5636363636363635,2.0546676609001225e-07,False
174,0.0016533307207282633,-0.9166666666666666,1.8492008990733666e-07,False
175,0.0036740682680829195,-4.62962962962963,1.6642808020606026e-07,False
176,0.0035124882761010667,-3.1555555555555554,1.4978527218545423e-07,False
177,0.001722071352560306,-0.9230769230769231,1.3480674567745155e-07,False
178,0.003951796225010185,-4.62962962962963,1.213260716781406e-07,False
179,0.010719983059971128,-8.198675496688741,1.0919346493665216e-07,False
180,0.005023201938456623,-7.943661971830986,9.827411844298696e-08,False
181,0.00914763986475009,-8.71875,8.84467070250139e-08,False
182,0.0012483930877351668,4.315789473684211,7.960203589618687e-08,False
183,0.004050561501571792,-8.576923076923077,7.164183273289383e-08,False
184,0.0034548093553894432,-5.0,6.447764917538734e-08,False
185,0.0018800957950588781,-4.464285714285714,5.80298845420657e-08,False
186,0.01153933979003341,-6.735483870967742,5.222689622996768e-08,False
187,0.0023348111262748716,-3.8529411764705883,4.700420674907946e-08,False
188,0.00210923123631801,-0.9354838709677419,4.2303786074171516e-08,False
189,0.010650057243765332,-11.157534246575343,3.807340789308001e-08,False
190,0.015649555516574765,-10.231111111111112,3.4266066961663456e-08,False
191,0.0014471088234131457,5.3125,3.083946040760566e-08,False
192,0.004516733602940803,-6.628571428571429,2.775551450895364e-08,False
193,0.005743793391957297,-7.7272727272727275,2.4979962631732634e-08,False
194,0.0027429092460806714,-0.9523809523809523,2.2481965800125184e-08,False
195,0.0034864142435253598,-5.170212765957447,2.0233768793787023e-08,False
196,0.0008612332076154416,6.769230769230769,1.8210391772299774e-08,False
197,0.007369074775851914,-4.072916666666667,1.6389353163503983e-08,False
198,0.006729865908710053,-8.593406593406593,1.475041813137068e-08,False
199,0.008841862570989178,-8.598290598290598,1.3275376886667801e-08,False
200,0.004484338591282722,-6.086206896551724,1.1947838629566832e-08,False
201,0.0031435012042493327,-5.170212765957447,1.0753055335044337e-08,False
202,0.005800682192784734,-9.034883720930232,9.677749801539905e-09,False
203,0.0015486395277548581,3.590909090909091,8.70997496349446e-09,False
204,0.0023711567464488326,-0.9354838709677419,7.838977467145014e-09,False
205,0.0034852290591516066,-2.8653846153846154,7.055079720430513e-09,False
206,0.0062261630009743385,-7.365591397849462,6.349571890496009e-09,False
207,0.0020183671804261394,-0.9333333333333333,5.714615269880597e-09,False
208,0.0016608368805464124,3.2083333333333335,5.143154169218179e-09,False
209,0.011418451091230963,-7.470238095238095,4.628839178622002e-09,False
210,0.017663972086666035,-11.470588235294118,4.165954692325613e-09,False
211,0.006022311470587738,-11.583333333333334,3.749359223093052e-09,False
212,0.0009489367712376406,6.214285714285714,3.3744228744581054e-09,False
213,0.001121578476158902,5.733333333333333,3.0369804449037474e-09,False
214,0.0038360433209163602,-6.086206896551724,2.733281689870637e-09,False
215,0.0017311577576037962,-0.9230769230769231,2.459952952449385e-09,False
216,0.00548818885908986,-12.126760563380282,2.2139573729873518e-09,False
217,0.0011512080563989002,4.9411764705882355,1.9925622041228054e-09,False
218,0.008624183901702054,-8.942528735632184,1.793306125819072e-09,False
219,0.006686409187750542,-10.518072289156626,1.6139750869115234e-09,False
220,0.002104490502460976,3.391304347826087,1.4525781466545596e-09,False
221,0.002798217799863778,-5.780487804878049,1.3073204740976507e-09,False
222,0.0036890805895382073,-6.363636363636363,1.17658771614515e-09,False
223,0.004863597252551699,-5.916666666666667,1.058928944530635e-09,False
224,0.00852462850343727,-6.484126984126984,9.530367606203072e-10,False
225,0.0022068113285058644,-3.8529411764705883,8.577330845582765e-10,False
226,0.004198709415504709,-8.951612903225806,7.719592076682602e-10,False
227,0.0036626114961109124,-0.9591836734693877,6.9476300268434e-10,False
228,0.006159792736070813,-10.186046511627907,6.252861339817174e-10,False
229,0.005078115433207131,-8.163636363636364,5.627569521493569e-10,False
230,0.00136612129790592,4.611111111111111,5.064805463916855e-10,False
231,0.001709824458885123,-0.92,4.5583306018670557e-10,False
232,0.0020175770587229636,2.607142857142857,4.1025032260222365e-10,False
233,0.01071405714355933,-8.541984732824428,3.6922500612490696e-10,False
234,0.0024738726333453087,-4.03125,3.323023634038691e-10,False
235,0.0029605879135488067,-3.3095238095238093,2.9907170073784077e-10,False
236,0.005359398937798687,-5.925,2.691649569896981e-10,False
237,0.01285054759500781,-10.26875,2.42248177073634e-10,False
238,0.0028159955490991706,3.391304347826087,2.1802293304062914e-10,False
239,0.00430419073018129,-7.061538461538461,1.9622063973656624e-10,False
240,0.001684145487161004,-12.346153846153847,1.765982915458153e-10,False
241,0.004245721685947501,-8.163636363636364,1.5893846239123379e-10,False
242,0.001862713104856084,2.740740740740741,1.4304504247775187e-10,False
243,0.004679893840147997,-6.880597014925373,1.2874039612142953e-10,False
244,0.003130464188870974,-3.255813953488372,1.1586678283492802e-10,False
245,0.006612532759390888,-8.51086956521739,1.0428067298562383e-10,False
246,0.0009046899285749532,6.769230769230769,9.38527477956086e-11,False
247,0.0010733810195233673,5.3125,8.44678993416892e-11,False
248,0.010204428319411818,-8.211678832116789,7.602096729897312e-11,False
249,0.0018105650397046702,-4.464285714285714,6.841958111181157e-11,False
250,0.005579447972195339,-5.5813953488372094,6.157705456644181e-11,False
251,0.0009248380447388627,6.214285714285714,5.5419491218344777e-11,False
252,0.0018184662621933967,-0.9285714285714286,4.9877257879415995e-11,False
253,0.006511397117719753,-5.191489361702128,4.488924787438009e-11,False
254,0.0026220205472782254,-3.425,4.040003886984778e-11,False
255,0.0033196984568348853,-4.769230769230769,3.635989287431585e-11,False
256,0.0008481961904180935,6.769230769230769,3.272333515269566e-11,False
257,0.0018623180458234856,-4.344827586206897,2.9450575311784634e-11,False
258,0.001247207905180403,4.611111111111111,2.6506086214794778e-11,False
259,0.0018382193175057182,-0.9130434782608695,2.3855761810409604e-11,False
260,0.0014964914626034442,-0.9130434782608695,2.146975930372719e-11,False
261,0.004729671538370894,-6.397260273972603,1.9322499156260165e-11,False
262,0.008141814294504002,-9.444444444444445,1.7389822914992693e-11,False
263,0.0019409352044021944,-0.9285714285714286,1.5650414297851966e-11,False
264,0.01055010678646795,-7.374193548387097,1.4085799193708227e-11,False
265,0.0024173788970074384,2.2580645161290325,1.2677503491431708e-11,False
266,0.005981620177408331,-5.5813953488372094,1.140989525083569e-11,False
267,0.0027571314458327834,-5.558139534883721,1.0268763617204968e-11,False
268,0.006308335710855317,-7.297872340425532,9.241318821295864e-12,False
269,0.0032501677032996668,-3.3095238095238093,8.317613264807734e-12,False
270,0.001273676998607698,5.3125,7.486278263968417e-12,False
271,0.001299355970331817,4.05,6.73736622047727e-12,False
272,0.0016758492038206896,-0.9230769230769231,6.063771706976696e-12,False
273,0.004157227998803137,-4.161290322580645,5.4569682106375694e-12,False
274,0.0008509616181981983,6.769230769230769,4.911271389573813e-12,False
275,0.0018125403457815992,-4.730769230769231,4.419575816427823e-12,False
276,0.006930952011316549,-6.97979797979798,3.977618234785041e-12,False
277,0.0015537753224634798,-5.217391304347826,3.579714302759385e-12,False
278,0.006913569321113755,-8.745098039215685,3.2216007639362945e-12,False
279,0.011209858828806318,-10.47305389221557,2.8990143619012088e-12,False
280,0.008290357269288506,-13.009345794392523,2.6091129257110882e-12,False
281,0.00689618663272995,-6.417582417582418,2.3476331989513713e-12,False
282,0.0019630586266430328,-4.88,2.113154096150538e-12,False
283,0.005607497310847975,-7.402597402597403,1.9014123608940283e-12,False
284,0.003783895253945957,-10.30188679245283,1.7109869077103213e-12,False
285,0.001971354909983347,2.4827586206896552,1.5404566511278973e-12,False
286,0.010778452102385927,-6.0,1.3869794202037157e-12,False
287,0.005022806877605035,-6.549295774647887,1.247713043994736e-12,False
288,0.0012337758289504563,4.315789473684211,1.1226575225009583e-12,False
289,0.001670713409112068,-4.730769230769231,1.0103917702508626e-12,False
290,0.002588835415735957,-3.4871794871794872,9.094947017729282e-13,False
291,0.0023881443739810493,-0.9411764705882353,8.185452315956354e-13,False
292,0.007494309145840816,-7.70873786407767,7.361222742474639e-13,False
293,0.01038813173363451,-6.735483870967742,6.622258297284134e-13,False
294,0.0024296257906826213,-0.9333333333333333,5.95434812566964e-13,False
295,0.0029629582804773236,-3.108695652173913,5.357492227631156e-13,False
296,0.0025062676450033905,-0.9487179487179487,4.817479748453479e-13,False
297,0.0016509603537997464,3.04,4.334310688136611e-13,False
298,0.0009777762334124418,5.733333333333333,3.8937741919653493e-13,False
299,0.006228533367902855,-8.677777777777777,3.5100811146548953e-13,False
300,0.0023992060851014685,-0.9444444444444444,3.154809746774845e-13,False
301,0.002367601196965552,-9.93939393939394,2.8421709430404007e-13,False
302,0.004382017767056823,-5.338235294117647,2.5579538487363607e-13,False
303,0.001749330569509766,-4.592592592592593,2.3021584638627245e-13,False
304,0.007158902266382938,-4.6875,2.0747847884194927e-13,False
305,0.004714264156064019,-6.628571428571429,1.8616219676914627e-13,False
306,0.002131354656739859,-6.9393939393939394,1.6768808563938365e-13,False
307,0.0059760893218481215,-6.397260273972603,1.5063505998114126e-13,False
308,0.00378508043831971,-0.9444444444444444,1.3500311979441904e-13,False
309,0.0028993534433539025,-5.558139534883721,1.2221335055073723e-13,False
310,0.01725903445367294,-10.496,1.0942358130705543e-13,False
311,0.0051259178271720884,-10.092105263157896,9.805489753489383e-14,False
312,0.002193774311308516,-3.8529411764705883,8.810729923425243e-14,False
313,0.00260463786071341,-0.9411764705882353,7.958078640513123e-14,False
314,0.0030226125090848655,-0.9574468085106383,7.105427357601002e-14,False
315,0.0012325906463956926,4.315789473684211,6.394884621840902e-14,False
316,0.005612633105556597,-5.746987951807229,5.684341886080802e-14,False
317,0.00707277894798608,-6.97979797979798,5.1159076974727215e-14,False
318,0.0064663601515349,-4.62962962962963,4.5474735088646414e-14,False
319,0.004862017007326358,-10.162790697674419,4.1211478674085816e-14,False
320,0.007972728142704,-7.459016393442623,3.694822225952521e-14,False
321,0.0016264665664493805,5.733333333333333,3.268496584496461e-14,False
322,0.0036910558956151363,-0.9375,2.984279490192421e-14,False
323,0.009943292929165182,-5.93,2.700062395888381e-14,False
324,0.001763552769261878,4.9411764705882355,2.415845301584341e-14,False
325,0.005961076998573844,-6.363636363636363,2.1316282072803006e-14,False
326,0.0059895213998970576,-5.758064516129032,1.9895196601282807e-14,False
327,0.009909712734952336,-9.983471074380166,1.8474111129762605e-14,False
328,0.003667747290819534,-5.9,1.7053025658242407e-14,False
329,0.003179451765390695,-0.9411764705882353,1.5631940186722205e-14,False
330,0.0036993521789554507,-3.425,1.4210854715202004e-14,False
331,0.006385372626027674,-11.337209302325581,1.2789769243681804e-14,False
332,0.0016809849985293113,3.04,1.1368683772161604e-14,False
333,0.004341721534729004,-6.175438596491228,9.947598300641404e-15,False
334,0.003126513576717116,-8.375,8.526512829121203e-15,False
335,0.0016884911601664498,-0.9230769230769231,7.105427357601002e-15,False
336,0.0022194532830326352,-0.9285714285714286,5.684341886080802e-15,False
337,0.005519793747225776,-7.145833333333333,5.684341886080802e-15,False
338,0.0027397487574489787,-0.9333333333333333,5.684341886080802e-15,False
339,0.0013677015431312611,-0.9,5.684341886080802e-15,False
340,0.0067148535872547654,-10.877777777777778,5.684341886080802e-15,False
341,0.005265374395094113,-5.154929577464789,5.684341886080802e-15,False
342,0.002209971817137557,-0.9354838709677419,5.684341886080802e-15,False
343,0.013071386751107639,-10.834254143646408,5.684341886080802e-15,False
344,0.00123496101150522,4.315789473684211,5.684341886080802e-15,False
345,0.002429625788863632,-3.5526315789473686,5.684341886080802e-15,False
346,0.0027697734021785436,-6.764705882352941,5.684341886080802e-15,False
347,0.009909712734952336,-9.743362831858407,5.684341886080802e-15,False
348,0.004223203202855075,-9.216666666666667,5.684341886080802e-15,False
349,0.00829707330740348,-9.444444444444445,5.684341886080802e-15,False
350,0.0010255786273773992,5.733333333333333,5.684341886080802e-15,False
351,0.0018338736445002723,-0.9259259259259259,5.684341886080802e-15,False
352,0.0061467557188734645,-7.32051282051282,5.684341886080802e-15,False
353,0.002444243051286321,-3.6944444444444446,5.684341886080802e-15,False
354,0.005877719106138102,-15.493333333333334,5.684341886080802e-15,False
355,0.0020456263973755995,-0.9285714285714286,5.684341886080802e-15,False
356,0.0026188600586465327,-6.0256410256410255,5.684341886080802e-15,False
357,0.0015403432444145437,3.590909090909091,5.684341886080802e-15,False
358,0.0016268616273009684,3.391304347826087,5.684341886080802e-15,False
359,0.002891847281716764,-3.3095238095238093,5.684341886080802e-15,False
360,0.0016169851005543023,3.04,5.684341886080802e-15,False
361,0.0021202929456194397,-0.9393939393939394,5.684341886080802e-15,False
362,0.012390696469083196,-9.989304812834225,5.684341886080802e-15,False
363,0.00130054115470557,-0.9,5.684341886080802e-15,False
364,0.0026074032866745256,-3.425,5.684341886080802e-15,False
365,0.0012432572948455345,4.315789473684211,5.684341886080802e-15,False
366,0.0015478494060516823,3.2083333333333335,5.684341886080802e-15,False
367,0.001104590846807696,-6.705882352941177,5.684341886080802e-15,False
368,0.0032987602189678,-0.9534883720930233,5.684341886080802e-15,False
369,0.0021625644840241875,-0.9393939393939394,5.684341886080802e-15,False
370,0.004013425757875666,-5.682539682539683,5.684341886080802e-15,False
371,0.0042504624179855455,-5.402985074626866,5.684341886080802e-15,False
372,0.0015435037330462364,4.315789473684211,5.684341886080802e-15,False
373,0.0014964914626034442,-0.9130434782608695,5.684341886080802e-15,False
374,0.0016122443666972686,-4.88,5.684341886080802e-15,False
375,0.0014230100969143678,-0.9090909090909091,5.684341886080802e-15,False
376,0.0012385165628074901,4.315789473684211,5.684341886080802e-15,False
377,0.0018038490015896969,3.04,5.684341886080802e-15,False
378,0.005641472565912409,-4.3522727272727275,5.684341886080802e-15,False
379,0.0018038490015896969,3.04,5.684341886080802e-15,False
380,0.0024537245190003887,-6.157894736842105,5.684341886080802e-15,False
381,0.002004144982493017,-7.32258064516129,5.684341886080802e-15,False
382,0.001169775929156458,4.611111111111111,5.684341886080802e-15,False
383,0.0020665646352426847,-0.9047619047619048,5.684341886080802e-15,False
384,0.0020408856635185657,3.8095238095238093,5.684341886080802e-15,False
385,0.0020965892799722496,-10.516129032258064,5.684341886080802e-15,False
386,0.001171356174381799,4.9411764705882355,5.684341886080802e-15,False
387,0.0015604913605784532,3.391304347826087,5.684341886080802e-15,False
388,0.008050160116908955,-8.9375,5.684341886080802e-15,False
389,0.0021400460009317612,-0.9375,5.684341886080802e-15,False
390,0.0014988618295319611,3.391304347826087,5.684341886080802e-15,False
391,0.003527500599375344,-2.94,5.684341886080802e-15,False
392,0.0019614783814176917,-11.535714285714286,5.684341886080802e-15,False
393,0.00147002236735716,4.315789473684211,5.684341886080802e-15,False
394,0.0018133304693037644,-0.9090909090909091,5.684341886080802e-15,False
395,0.009235738491042866,-8.601398601398602,5.684341886080802e-15,False
396,0.002597131697257282,-6.297297297297297,5.684341886080802e-15,False
397,0.0012875041393272113,-6.105263157894737,5.684341886080802e-15,False
398,0.001615009792658384,-0.8947368421052632,5.684341886080802e-15,False
399,0.001119998230933561,4.9411764705882355,5.684341886080802e-15,False
400,0.005204930046602385,-8.58974358974359,5.684341886080802e-15,False
401,0.0030980691790318815,-3.0208333333333335,5.684341886080802e-15,False
402,0.0018358489505772013,-0.9259259259259259,5.684341886080802e-15,False
403,0.00389253705907322,-0.9607843137254902,5.684341886080802e-15,False
404,0.006463989784606383,-11.87,5.684341886080802e-15,False
405,0.003575302991521312,-2.732142857142857,5.684341886080802e-15,False
406,0.003036044585314812,-3.108695652173913,5.684341886080802e-15,False
407,0.0020148116309428588,-0.9333333333333333,5.684341886080802e-15,False
408,0.008427048411249416,-14.031007751937985,5.684341886080802e-15,False
409,0.0013613805640488863,3.8095238095238093,5.684341886080802e-15,False
410,0.0031889332312857732,-5.454545454545454,5.684341886080802e-15,False
411,0.0028412794599717017,-0.9545454545454546,5.684341886080802e-15,False
412,0.0030471062964352313,-5.260869565217392,5.684341886080802e-15,False
413,0.005680583615685464,-8.764044943820224,5.684341886080802e-15,False
414,0.0016268616273009684,-0.9166666666666666,5.684341886080802e-15,False
415,0.0015442938565684017,4.05,5.684341886080802e-15,False
416,0.008407295355937094,-9.297709923664122,5.684341886080802e-15,False
417,0.0030897728938725777,-5.083333333333333,5.684341886080802e-15,False
418,0.0009031096833496122,6.769230769230769,5.684341886080802e-15,False
419,0.004248882174579194,-8.951612903225806,5.684341886080802e-15,False
420,0.0012361461940599838,4.315789473684211,5.684341886080802e-15,False
421,0.004103104627574794,-7.459016393442623,5.684341886080802e-15,False
422,0.00673223627563857,-7.91,5.684341886080802e-15,False
423,0.009351886455988279,-9.123287671232877,5.684341886080802e-15,False
424,0.0037538706110353814,-4.322033898305085,5.684341886080802e-15,False
425,0.008505270510795526,-9.297709923664122,5.684341886080802e-15,False
426,0.003419648917770246,-2.830188679245283,5.684341886080802e-15,False
427,0.0016900714035728015,-0.9230769230769231,5.684341886080802e-15,False
428,0.001746170079059084,-4.592592592592593,5.684341886080802e-15,False
429,0.0022783173862990225,-0.9285714285714286,5.684341886080802e-15,False
430,0.001364936113532167,3.8095238095238093,5.684341886080802e-15,False
431,0.0020590584754245356,-0.9375,5.684341886080802e-15,False
432,0.0012266647281649057,4.315789473684211,5.684341886080802e-15,False
433,0.00237155180911941,-3.6216216216216215,5.684341886080802e-15,False
434,0.007744777883999632,-7.810344827586207,5.684341886080802e-15,False
435,0.0020665646352426847,-4.03125,5.684341886080802e-15,False
436,0.0022518482928717276,-0.9428571428571428,5.684341886080802e-15,False
437,0.0016126394275488565,3.04,5.684341886080802e-15,False
438,0.0030802914279774996,-7.145833333333333,5.684341886080802e-15,False
439,0.004377277033199789,-9.5,5.684341886080802e-15,False
440,0.0037676977499359054,-6.175438596491228,5.684341886080802e-15,False
441,0.013385065269176266,-9.98989898989899,5.684341886080802e-15,False
442,0.0023213790482259355,-0.9428571428571428,5.684341886080802e-15,False
443,0.0023743172368995147,-0.9444444444444444,5.684341886080802e-15,False
444,0.024010233661101665,-11.071856287425149,5.684341886080802e-15,False
445,0.0017418244078726275,-4.730769230769231,5.684341886080802e-15,False
446,0.00087980107855401,6.769230769230769,5.684341886080802e-15,False
447,0.005760781021308503,-6.8,5.684341886080802e-15,False
448,0.008367394184460863,-5.5813953488372094,5.684341886080802e-15,False
449,0.008972232735686703,-13.63953488372093,5.684341886080802e-15,False
450,0.0035282907192595303,-0.9473684210526315,5.684341886080802e-15,False
451,0.008602060481280205,-7.7272727272727275,5.684341886080802e-15,False
452,0.004818560286366846,-5.170212765957447,5.684341886080802e-15,False
453,0.01036442806616833,-8.523809523809524,5.684341886080802e-15,False
454,0.004910214462142903,-6.462962962962963,5.684341886080802e-15,False
455,0.0036333769749035127,-6.175438596491228,5.684341886080802e-15,False
456,0.0044610299864871195,-5.214285714285714,5.684341886080802e-15,False
457,0.003639697952166898,-6.175438596491228,5.684341886080802e-15,False
458,0.0014119483857939485,4.611111111111111,5.684341886080802e-15,False
459,0.0043693758107110625,-9.705882352941176,5.684341886080802e-15,False
460,0.0014862198731862009,-5.217391304347826,5.684341886080802e-15,False
461,0.0020021696745970985,-4.129032258064516,5.684341886080802e-15,False
462,0.0009809367202251451,-7.466666666666667,5.684341886080802e-15,False
463,0.0028337733001535526,-3.2045454545454546,5.684341886080802e-15,False
464,0.0036914509582857136,-8.296296296296296,5.684341886080802e-15,False
465,0.0015616765449522063,-0.9166666666666666,5.684341886080802e-15,False
466,0.004919695929856971,-11.25974025974026,5.684341886080802e-15,False
467,0.0018603427379275672,2.4827586206896552,5.684341886080802e-15,False
468,0.00358478445741639,-6.267857142857143,5.684341886080802e-15,False
469,0.0028851312436017906,3.8095238095238093,5.684341886080802e-15,False
470,0.0023494283868785715,4.611111111111111,5.684341886080802e-15,False
471,0.008058851462919847,-4.0625,5.684341886080802e-15,False
472,0.003332735475851223,-0.9130434782608695,5.684341886080802e-15,False
473,0.002244737192086177,-0.9230769230769231,5.684341886080802e-15,False
474,0.002810859754390549,-0.95,5.684341886080802e-15,False
475,0.003995252945969696,-6.363636363636363,5.684341886080802e-15,False
476,0.0011346154897182714,4.9411764705882355,5.684341886080802e-15,False
477,0.0019662191152747255,2.3666666666666667,5.684341886080802e-15,False
478,0.0018074045510729775,3.04,5.684341886080802e-15,False
479,0.0012223190551594598,-0.8888888888888888,5.684341886080802e-15,False
480,0.0022396013991965447,-0.9411764705882353,5.684341886080802e-15,False
481,0.010995340649969876,-9.141176470588235,5.684341886080802e-15,False
482,0.001106566152884625,4.9411764705882355,5.684341886080802e-15,False
483,0.001288689321881975,-0.9,5.684341886080802e-15,False
484,0.00927524460166751,-7.281818181818182,5.684341886080802e-15,False
485,0.0010567884528427385,5.3125,5.684341886080802e-15,False
486,0.0024746627550484845,-3.6944444444444446,5.684341886080802e-15,False
487,0.00191446610915591,3.2083333333333335,5.684341886080802e-15,False
488,0.002802958533720812,-5.666666666666667,5.684341886080802e-15,False
489,0.001106171092033037,-0.875,5.684341886080802e-15,False
490,0.0018761451829050202,-4.464285714285714,5.684341886080802e-15,False
491,0.0026172798134211916,-0.9428571428571428,5.684341886080802e-15,False
492,0.0013060720102657797,4.315789473684211,5.684341886080802e-15,False
493,0.002770168461211142,-5.780487804878049,5.684341886080802e-15,False
494,0.0036472041138040368,-6.566037735849057,5.684341886080802e-15,False
495,0.002317428437891067,-3.6944444444444446,5.684341886080802e-15,False
496,0.0022423668269766495,-0.9428571428571428,5.684341886080802e-15,False
497,0.000973035499555408,5.733333333333333,5.684341886080802e-15,False
498,0.002378662908085971,-0.9459459459459459,5.684341886080802e-15,False
499,0.0029515015085053165,-5.260869565217392,5.684341886080802e-15,False
500,0.0018101699806720717,3.590909090909091,5.684341886080802e-15,False
501,0.0008636035745439585,6.769230769230769,5.684341886080802e-15,False
502,0.004579153257509461,-12.126760563380282,5.684341886080802e-15,False
503,0.001744194772982155,2.740740740740741,5.684341886080802e-15,False
504,0.0009864675776043441,5.733333333333333,5.684341886080802e-15,False
505,0.001239306684510666,4.315789473684211,5.684341886080802e-15,False
506,0.009485812170169083,-11.443661971830986,5.684341886080802e-15,False
507,0.002456489944961504,-0.9459459459459459,5.684341886080802e-15,False
508,0.0009809367202251451,5.733333333333333,5.684341886080802e-15,False
509,0.001545083976452588,3.2083333333333335,5.684341886080802e-15,False
510,0.004099154015420936,-2.6724137931034484,5.684341886080802e-15,False
511,0.0009904181879392127,5.733333333333333,5.684341886080802e-15,False
512,0.0034729821654764237,-6.462962962962963,5.684341886080802e-15,False
513,0.0014826643237029202,-0.9130434782608695,5.684341886080802e-15,False
514,0.005036238955653971,-8.49367088607595,5.684341886080802e-15,False
515,0.001670713409112068,2.8846153846153846,5.684341886080802e-15,False
516,0.0017955527182493825,5.733333333333333,5.684341886080802e-15,False
517,0.006601866110941046,-6.7101449275362315,5.684341886080802e-15,False
518,0.001128689573306474,4.9411764705882355,5.684341886080802e-15,False
519,0.0016082937545434106,3.391304347826087,5.684341886080802e-15,False
520,0.0012432572948455345,4.315789473684211,5.684341886080802e-15,False
521,0.009083244905923493,-10.518518518518519,5.684341886080802e-15,False
522,0.006772532507966389,-10.320754716981131,5.684341886080802e-15,False
523,0.004803943025763147,-8.042857142857143,5.684341886080802e-15,False
524,0.00342083410032501,-8.88,5.684341886080802e-15,False
525,0.007134013416361995,-9.821428571428571,5.684341886080802e-15,False
526,0.002071700428132317,-0.9230769230769231,5.684341886080802e-15,False
527,0.0019705647882801713,-0.9333333333333333,5.684341886080802e-15,False
528,0.00679979172309686,-8.852272727272727,5.684341886080802e-15,False
529,0.0011128871301480103,4.9411764705882355,5.684341886080802e-15,False
530,0.003320883639389649,-0.9615384615384616,5.684341886080802e-15,False
531,0.003432290872297017,-0.9523809523809523,5.684341886080802e-15,False
532,0.003850265520668472,-4.43859649122807,5.684341886080802e-15,False
533,0.002061823901385651,-4.233333333333333,5.684341886080802e-15,False
534,0.00224592237645993,-0.9428571428571428,5.684341886080802e-15,False
535,0.00502201675408287,-7.662162162162162,5.684341886080802e-15,False
536,0.002132539841113612,-3.9393939393939394,5.684341886080802e-15,False
537,0.0033872539061121643,-4.8431372549019605,5.684341886080802e-15,False
538,0.001630417176784249,4.9411764705882355,5.684341886080802e-15,False
539,0.0017777749671950005,-5.85,5.684341886080802e-15,False
540,0.0013550595867855009,4.315789473684211,5.684341886080802e-15,False
541,0.0013274053089844529,4.05,5.684341886080802e-15,False
542,0.00619850872499228,-8.677777777777777,5.684341886080802e-15,False
543,0.0043472523902892135,-5.609375,5.684341886080802e-15,False
544,0.006880384189571487,-7.7745098039215685,5.684341886080802e-15,False
545,0.0014625162075390108,-0.9090909090909091,5.684341886080802e-15,False
546,0.002759106750090723,-5.558139534883721,5.684341886080802e-15,False
547,0.001423405159584945,-5.409090909090909,5.684341886080802e-15,False
548,0.0024414776235062163,-0.9459459459459459,5.684341886080802e-15,False
549,0.0019298734932817752,-0.9333333333333333,5.684341886080802e-15,False
550,0.0016750590821175138,-0.9230769230769231,5.684341886080802e-15,False
551,0.002443057866912568,-0.9375,5.684341886080802e-15,False
552,0.0011385661018721294,4.9411764705882355,5.684341886080802e-15,False
553,0.0014289360151451547,-0.9090909090909091,5.684341886080802e-15,False
554,0.0014937260348233394,3.391304347826087,5.684341886080802e-15,False
555,0.0012950102991453605,4.05,5.684341886080802e-15,False
556,0.0034113526344299316,-5.0,5.684341886080802e-15,False
557,0.0014862198731862009,3.391304347826087,5.684341886080802e-15,False
558,0.0027516005902725738,-6.157894736842105,5.684341886080802e-15,False
559,0.001432096501957858,-5.409090909090909,5.684341886080802e-15,False
560,0.008254011649114545,-5.661417322834645,5.684341886080802e-15,False
561,0.0009813317828957224,5.733333333333333,5.684341886080802e-15,False
562,0.0013570348928624298,3.8095238095238093,5.684341886080802e-15,False
563,0.0015679975222155917,3.391304347826087,5.684341886080802e-15,False
564,0.002776884501145105,-3.3658536585365852,5.684341886080802e-15,False
565,0.001750120691212942,-4.592592592592593,5.684341886080802e-15,False
566,0.0014822692628513323,-0.9,5.684341886080802e-15,False
567,0.0013206892708694795,-5.85,5.684341886080802e-15,False
568,0.0083515917413024,-6.5327102803738315,5.684341886080802e-15,False
569,0.002473477572493721,-3.5526315789473686,5.684341886080802e-15,False
570,0.004008685022199643,-7.793103448275862,5.684341886080802e-15,False
571,0.001878515549833537,-0.9310344827586207,5.684341886080802e-15,False
572,0.0012452326009224635,4.9411764705882355,5.684341886080802e-15,False
573,0.001364145991828991,-0.9047619047619048,5.684341886080802e-15,False
574,0.005296189161526854,-7.912280701754386,5.684341886080802e-15,False
575,0.0013526892216759734,4.315789473684211,5.684341886080802e-15,False
576,0.002825081954142661,-10.380952380952381,5.684341886080802e-15,False
577,0.0012958004226675257,4.315789473684211,5.684341886080802e-15,False
578,0.007352877268203883,-10.877777777777778,5.684341886080802e-15,False
579,0.001353084280708572,4.611111111111111,5.684341886080802e-15,False
580,0.007386852523268317,-9.00900900900901,5.684341886080802e-15,False
581,0.004279301880160347,-5.836065573770492,5.684341886080802e-15,False
582,0.010006897766288603,-7.804597701149425,5.684341886080802e-15,False
583,0.007311000792469713,-8.132530120481928,5.684341886080802e-15,False
584,0.005625670122753945,-2.7962962962962963,5.684341886080802e-15,False
585,0.0012381215001369128,-0.8888888888888888,5.684341886080802e-15,False
586,0.0020831572019233136,-4.129032258064516,5.684341886080802e-15,False
587,0.0012140227718191454,4.9411764705882355,5.684341886080802e-15,False
588,0.005671102149790386,-7.402597402597403,5.684341886080802e-15,False
589,0.0018785155516525265,3.04,5.684341886080802e-15,False
590,0.0036195498360029887,-6.363636363636363,5.684341886080802e-15,False
591,0.0017785650907171657,-0.9166666666666666,5.684341886080802e-15,False
592,0.0010544180859142216,-0.875,5.684341886080802e-15,False
593,0.0024395023174292874,-3.6216216216216215,5.684341886080802e-15,False
594,0.003246612153816386,-3.108695652173913,5.684341886080802e-15,False
595,0.004243746379870572,-4.266666666666667,5.684341886080802e-15,False
596,0.0026757488576549804,-0.9512195121951219,5.684341886080802e-15,False
597,0.004113376215173048,-8.825396825396826,5.684341886080802e-15,False
598,0.002416588773485273,-0.9411764705882353,5.684341886080802e-15,False
599,0.0014905655461916467,-0.9090909090909091,5.684341886080802e-15,False
600,0.004159598365731654,-13.53968253968254,5.684341886080802e-15,False
601,0.0011101217023679055,4.9411764705882355,5.684341886080802e-15,False
602,0.0013064670711173676,4.9411764705882355,5.684341886080802e-15,False
603,0.004630906261809287,-4.379310344827586,5.684341886080802e-15,False
604,0.0022534285362780793,-0.9393939393939394,5.684341886080802e-15,False
605,0.0011053809685108718,4.9411764705882355,5.684341886080802e-15,False
606,0.0019263179437984945,-8.0,5.684341886080802e-15,False
607,0.003186167805324658,-3.2045454545454546,5.684341886080802e-15,False
608,0.0012448375382518861,4.315789473684211,5.684341886080802e-15,False
609,0.010761859537524288,-7.630872483221476,5.684341886080802e-15,False
610,0.002807699265758856,-6.0256410256410255,5.684341886080802e-15,False
611,0.002999303902470274,-9.382978723404255,5.684341886080802e-15,False
612,0.0009754058646649355,5.733333333333333,5.684341886080802e-15,False
613,0.002166120033507468,-6.9393939393939394,5.684341886080802e-15,False
614,0.004696486405009637,-12.285714285714286,5.684341886080802e-15,False
615,0.001227454851687071,5.733333333333333,5.684341886080802e-15,False
616,0.00374675951206882,-2.7017543859649122,5.684341886080802e-15,False
617,0.00396720360913605,-12.14516129032258,5.684341886080802e-15,False
618,0.0012278499107196694,-0.8888888888888888,5.684341886080802e-15,False
619,0.0016525405990250874,5.3125,5.684341886080802e-15,False
620,0.0023174284360720776,-0.9333333333333333,5.684341886080802e-15,False
621,0.0029756002350040944,-3.5526315789473686,5.684341886080802e-15,False
622,0.0037902162330283318,-7.677966101694915,5.684341886080802e-15,False
623,0.0009003442555695074,6.769230769230769,5.684341886080802e-15,False
624,0.003940339451219188,-7.566666666666666,5.684341886080802e-15,False
625,0.008199493215215625,-11.451923076923077,5.684341886080802e-15,False
626,0.0014743680403626058,3.590909090909091,5.684341886080802e-15,False
627,0.001773429296008544,2.8846153846153846,5.684341886080802e-15,False
628,0.0014850346888124477,3.8095238095238093,5.684341886080802e-15,False
629,0.009836626431933837,-10.801652892561984,5.684341886080802e-15,False
630,0.0018757501220534323,-0.9285714285714286,5.684341886080802e-15,False
631,0.0033967353720072424,-2.9019607843137254,5.684341886080802e-15,False
632,0.002313477825737209,-6.6,5.684341886080802e-15,False
633,0.0037534755501837935,-5.260869565217392,5.684341886080802e-15,False
634,0.0017718490526021924,4.315789473684211,5.684341886080802e-15,False
635,0.005277621288769296,-5.864197530864198,5.684341886080802e-15,False
636,0.0011061710902140476,4.9411764705882355,5.684341886080802e-15,False
637,0.0017410342861694517,-0.9259259259259259,5.684341886080802e-15,False
638,0.0028053289006493287,-5.666666666666667,5.684341886080802e-15,False
639,0.002999698963321862,-5.170212765957447,5.684341886080802e-15,False
640,0.001024788503855234,5.733333333333333,5.684341886080802e-15,False
641,0.0012152079561928986,-6.388888888888889,5.684341886080802e-15,False
642,0.0017307626967522083,-0.9090909090909091,5.684341886080802e-15,False
643,0.0016711084699636558,-0.9166666666666666,5.684341886080802e-15,False
644,0.0034089822675014148,-2.9019607843137254,5.684341886080802e-15,False
645,0.0018579723728180397,-4.88,5.684341886080802e-15,False
646,0.004179351421043975,-4.769230769230769,5.684341886080802e-15,False
647,0.0012298252167965984,6.769230769230769,5.684341886080802e-15,False
648,0.0013127880501997424,4.315789473684211,5.684341886080802e-15,False
649,0.0019642438091977965,-4.344827586206897,5.684341886080802e-15,False
650,0.001708244213659782,3.04,5.684341886080802e-15,False
651,0.005210855963014183,-6.96969696969697,5.684341886080802e-15,False
652,0.002271206287332461,-13.3125,5.684341886080802e-15,False
653,0.0016071085719886469,-0.9,5.684341886080802e-15,False
654,0.0019097253771178657,-5.041666666666667,5.684341886080802e-15,False
655,0.0009761959881871007,6.214285714285714,5.684341886080802e-15,False
656,0.0014625162075390108,-0.9090909090909091,5.684341886080802e-15,False
657,0.0017702688073768513,-4.592592592592593,5.684341886080802e-15,False
658,0.0012258746064617299,5.3125,5.684341886080802e-15,False
659,0.0026773291028803214,-3.8529411764705883,5.684341886080802e-15,False
660,0.006754754756912007,-8.49367088607595,5.684341886080802e-15,False
661,0.0019662191152747255,-4.344827586206897,5.684341886080802e-15,False
662,0.0022032557772035943,-0.9375,5.684341886080802e-15,False
663,0.0023087370936991647,-6.6,5.684341886080802e-15,False
664,0.002234465604487923,3.391304347826087,5.684341886080802e-15,False
665,0.006332829498205683,-8.942528735632184,5.684341886080802e-15,False
666,0.001960688259714516,-0.9285714285714286,5.684341886080802e-15,False
667,0.0052768311670661205,-7.32051282051282,5.684341886080802e-15,False
668,0.007522358482674463,-9.229166666666666,5.684341886080802e-15,False
669,0.00422596863063518,-4.769230769230769,5.684341886080802e-15,False
670,0.002192589126934763,-0.9285714285714286,5.684341886080802e-15,False
671,0.0016233060759986984,-0.9090909090909091,5.684341886080802e-15,False
672,0.001958317892785999,-8.538461538461538,5.684341886080802e-15,False
673,0.0018366390740993666,-0.9285714285714286,5.684341886080802e-15,False
674,0.001529281535113114,4.05,5.684341886080802e-15,False
675,0.002272786530738813,-0.9411764705882353,5.684341886080802e-15,False
676,0.007441766018018825,-7.040816326530612,5.684341886080802e-15,False
677,0.009030306717249914,-8.730434782608695,5.684341886080802e-15,False
678,0.0008774307134444825,6.769230769230769,5.684341886080802e-15,False
679,0.001133825369834085,4.9411764705882355,5.684341886080802e-15,False
680,0.004461425049157697,-8.72549019607843,5.684341886080802e-15,False
681,0.001984391925361706,-8.538461538461538,5.684341886080802e-15,False
682,0.005599596088359249,-5.338235294117647,5.684341886080802e-15,False
683,0.004359894344815984,-5.538461538461538,5.684341886080802e-15,False
684,0.0011942697183258133,4.9411764705882355,5.684341886080802e-15,False
685,0.00243357640101749,-0.9310344827586207,5.684341886080802e-15,False
686,0.002115552211762406,-0.9354838709677419,5.684341886080802e-15,False
687,0.0031348098600574303,-5.9,5.684341886080802e-15,False
688,0.0010840476697921986,5.733333333333333,5.684341886080802e-15,False
689,0.002343502470466774,-3.8529411764705883,5.684341886080802e-15,False
690,0.0012807880993932486,4.9411764705882355,5.684341886080802e-15,False
691,0.0024063171840680297,-9.194444444444445,5.684341886080802e-15,False
692,0.0026876006904785754,-0.9459459459459459,5.684341886080802e-15,False
693,0.0047561406336171785,-8.703125,5.684341886080802e-15,False
694,0.001955947525857482,-0.9310344827586207,5.684341886080802e-15,False
695,0.0018955031773657538,-4.592592592592593,5.684341886080802e-15,False
696,0.0018259724238305353,-4.592592592592593,5.684341886080802e-15,False
697,0.003836833442619536,-2.94,5.684341886080802e-15,False
698,0.0017785650907171657,-0.9130434782608695,5.684341886080802e-15,False
699,0.0011583191571844509,4.9411764705882355,5.684341886080802e-15,False
700,0.005300139773680712,-6.7101449275362315,5.684341886080802e-15,False
701,0.002357724670218886,-3.8529411764705883,5.684341886080802e-15,False
702,0.0009821219045988983,6.214285714285714,5.684341886080802e-15,False
703,0.006469520641985582,-10.875,5.684341886080802e-15,False
704,0.001418269363057334,-0.875,5.684341886080802e-15,False
705,0.0023083420310285874,2.0606060606060606,5.684341886080802e-15,False
706,0.001993478330405196,-0.92,5.684341886080802e-15,False
707,0.001277232549909968,4.315789473684211,5.684341886080802e-15,False
708,0.010618847416481003,-8.00709219858156,5.684341886080802e-15,False
709,0.0019140710483043222,-0.9285714285714286,5.684341886080802e-15,False
710,0.00127328193775611,4.315789473684211,5.684341886080802e-15,False
711,0.0008691344282851787,6.769230769230769,5.684341886080802e-15,False
712,0.009640281061365386,-7.638655462184874,5.684341886080802e-15,False
713,0.008158406859365641,-9.90983606557377,5.684341886080802e-15,False
714,0.0018200465055997483,-5.041666666666667,5.684341886080802e-15,False
715,0.005743003270254121,-5.041095890410959,5.684341886080802e-15,False
716,0.002712489542318508,-3.3095238095238093,5.684341886080802e-15,False
717,0.0011057760293624597,-0.8823529411764706,5.684341886080802e-15,False
718,0.0022463174391305074,-0.9428571428571428,5.684341886080802e-15,False
719,0.002945575592093519,-0.9459459459459459,5.684341886080802e-15,False
720,0.0009185170674754772,6.769230769230769,5.684341886080802e-15,False
721,0.0016944170765782474,3.8095238095238093,5.684341886080802e-15,False
722,0.005680188554833876,-12.545454545454545,5.684341886080802e-15,False
723,0.0023028111754683778,-0.9393939393939394,5.684341886080802e-15,False
724,0.0036045375127287116,-10.12962962962963,5.684341886080802e-15,False
725,0.0063209776672010776,-6.8,5.684341886080802e-15,False
726,0.005023992061978788,-6.397260273972603,5.684341886080802e-15,False
727,0.001826762545533711,4.9411764705882355,5.684341886080802e-15,False
728,0.0030656741673737997,-3.1555555555555554,5.684341886080802e-15,False
729,0.0010958995026157936,6.769230769230769,5.684341886080802e-15,False
730,0.0016410838270530803,3.391304347826087,5.684341886080802e-15,False
731,0.002403156695436337,3.8095238095238093,5.684341886080802e-15,False
732,0.00347179698292166,-3.8529411764705883,5.684341886080802e-15,False
733,0.004086907121745753,-3.3095238095238093,5.684341886080802e-15,False
734,0.005607102249996387,-6.267857142857143,5.684341886080802e-15,False
735,0.005202559679673868,-8.375,5.684341886080802e-15,False
736,0.0053443866163433995,-4.5,5.684341886080802e-15,False
737,0.005345571798898163,-2.9019607843137254,5.684341886080802e-15,False
738,0.002258169270135113,-0.9090909090909091,5.684341886080802e-15,False
739,0.005531645580049371,-7.912280701754386,5.684341886080802e-15,False
740,0.002313477825737209,-5.217391304347826,5.684341886080802e-15,False
741,0.013937360692580114,-8.596153846153847,5.684341886080802e-15,False
742,0.002157428689315566,-7.125,5.684341886080802e-15,False
743,0.0027907116382266395,-3.6216216216216215,5.684341886080802e-15,False
744,0.0020665646352426847,-0.9354838709677419,5.684341886080802e-15,False
745,0.004511597808232182,-8.469696969696969,5.684341886080802e-15,False
746,0.0017979230851778993,-0.9259259259259259,5.684341886080802e-15,False
747,0.007880678904257366,-8.9375,5.684341886080802e-15,False
748,0.0016035530225053662,3.2083333333333335,5.684341886080802e-15,False
749,0.0021246386186248856,-4.03125,5.684341886080802e-15,False
750,0.001062319308402948,5.733333333333333,5.684341886080802e-15,False
751,0.0008979738904599799,6.769230769230769,5.684341886080802e-15,False
752,0.0057398427816224284,-4.734177215189874,5.684341886080802e-15,False
753,0.000863998633576557,6.769230769230769,5.684341886080802e-15,False
754,0.0018725896334217396,-0.9310344827586207,5.684341886080802e-15,False
755,0.0009765910490386887,5.733333333333333,5.684341886080802e-15,False
756,0.003142316021694569,-7.020408163265306,5.684341886080802e-15,False
757,0.003193278904291219,-6.9,5.684341886080802e-15,False
758,0.0015470592843485065,-0.9166666666666666,5.684341886080802e-15,False
759,0.0020950090347469086,-4.730769230769231,5.684341886080802e-15,False
760,0.0014885902401147177,3.391304347826087,5.684341886080802e-15,False
761,0.0009746157429617597,5.733333333333333,5.684341886080802e-15,False
762,0.0013590101971203694,3.8095238095238093,5.684341886080802e-15,False
763,0.0016734788368921727,-0.9230769230769231,5.684341886080802e-15,False
764,0.0023731320525257615,-6.297297297297297,5.684341886080802e-15,False
765,0.004275746330677066,-8.35820895522388,5.684341886080802e-15,False
766,0.0014569853519788012,4.9411764705882355,5.684341886080802e-15,False
767,0.0016209357090701815,-0.92,5.684341886080802e-15,False
768,0.0012290350950934226,4.315789473684211,5.684341886080802e-15,False
769,0.0018002934502874268,-0.9285714285714286,5.684341886080802e-15,False
770,0.0014238002186175436,-0.9090909090909091,5.684341886080802e-15,False
771,0.001998614125113818,2.2580645161290325,5.684341886080802e-15,False
772,0.0030830568557576044,-5.083333333333333,5.684341886080802e-15,False
773,0.0010421711922390386,5.3125,5.684341886080802e-15,False
774,0.0050682389046414755,-3.5526315789473686,5.684341886080802e-15,False
775,0.0052610287220886676,-3.3658536585365852,5.684341886080802e-15,False
776,0.002891847281716764,2.8846153846153846,5.684341886080802e-15,False
777,0.002104885563312564,-0.9130434782608695,5.684341886080802e-15,False
778,0.002103700378938811,-7.32258064516129,5.684341886080802e-15,False
779,0.003348142856339109,-5.083333333333333,5.684341886080802e-15,False
780,0.004796831924977596,-6.7101449275362315,5.684341886080802e-15,False
781,0.0037297718845366035,-0.9622641509433962,5.684341886080802e-15,False
782,0.0027180203960597282,-8.375,5.684341886080802e-15,False
783,0.001314368293606094,4.315789473684211,5.684341886080802e-15,False
784,0.0050939178763655946,-6.253333333333333,5.684341886080802e-15,False
785,0.0010986649303958984,5.733333333333333,5.684341886080802e-15,False
786,0.002623205729832989,-0.95,5.684341886080802e-15,False
787,0.0024671565952303354,-0.9459459459459459,5.684341886080802e-15,False
788,0.001876935304608196,-5.041666666666667,5.684341886080802e-15,False
789,0.0015561456893919967,-0.9130434782608695,5.684341886080802e-15,False
790,0.0038151050812302856,-3.3658536585365852,5.684341886080802e-15,False
791,0.0014372322966664797,4.611111111111111,5.684341886080802e-15,False
792,0.0034307106288906652,-3.0208333333333335,5.684341886080802e-15,False
793,0.0011444920182839269,4.9411764705882355,5.684341886080802e-15,False
794,0.0022538235989486566,-3.8529411764705883,5.684341886080802e-15,False
795,0.004780239358296967,-7.943661971830986,5.684341886080802e-15,False
796,0.0033042910745280096,-6.9,5.684341886080802e-15,False
797,0.002234070543636335,-0.9333333333333333,5.684341886080802e-15,False
798,0.0013570348928624298,-0.9,5.684341886080802e-15,False
799,0.0014889853009663057,3.391304347826087,5.684341886080802e-15,False
800,0.002744489489487023,-5.558139534883721,5.684341886080802e-15,False
801,0.002586069986136863,-8.564102564102564,5.684341886080802e-15,False
802,0.0013669114214280853,-0.9047619047619048,5.684341886080802e-15,False
803,0.003113476561338757,-0.9487179487179487,5.684341886080802e-15,False
804,0.0010275539316353388,5.733333333333333,5.684341886080802e-15,False
805,0.00463209144436405,-9.963636363636363,5.684341886080802e-15,False
806,0.001284738709728117,4.611111111111111,5.684341886080802e-15,False
807,0.0017295775141974445,-8.84,5.684341886080802e-15,False
808,0.002326909903786145,3.8095238095238093,5.684341886080802e-15,False
809,0.0018077996119245654,-0.8947368421052632,5.684341886080802e-15,False
810,0.00887267733742192,-6.2748091603053435,5.684341886080802e-15,False
811,0.001684540548012592,-0.92,5.684341886080802e-15,False
812,0.0029183163769630482,-0.9375,5.684341886080802e-15,False
813,0.0018220218134956667,-0.9166666666666666,5.684341886080802e-15,False
814,0.002103305318087223,-4.233333333333333,5.684341886080802e-15,False
815,0.007013124719378538,-8.523809523809524,5.684341886080802e-15,False
816,0.0024853294071363052,2.4827586206896552,5.684341886080802e-15,False
817,0.006844828689281712,-7.644230769230769,5.684341886080802e-15,False
818,0.0011085414589615539,4.9411764705882355,5.684341886080802e-15,False
819,0.0016766393255238654,-4.730769230769231,5.684341886080802e-15,False
820,0.002616884754388593,-3.3658536585365852,5.684341886080802e-15,False
821,0.006388533114659367,-8.43010752688172,5.684341886080802e-15,False
822,0.0013621706875710515,3.8095238095238093,5.684341886080802e-15,False
823,0.0033193033959832974,-4.769230769230769,5.684341886080802e-15,False
824,0.0036341670966066886,-6.175438596491228,5.684341886080802e-15,False
825,0.002720390762988245,-11.64864864864865,5.684341886080802e-15,False
826,0.001062319308402948,-0.875,5.684341886080802e-15,False
827,0.0013756027656199876,-5.619047619047619,5.684341886080802e-15,False
828,0.0009868626366369426,5.733333333333333,5.684341886080802e-15,False
829,0.002385774008871522,-11.64864864864865,5.684341886080802e-15,False
830,0.002259749515360454,-0.9428571428571428,5.684341886080802e-15,False
831,0.006183496401718003,-5.804878048780488,5.684341886080802e-15,False
832,0.004627745773177594,-9.954545454545455,5.684341886080802e-15,False
833,0.005864287028089166,-7.061538461538461,5.684341886080802e-15,False
834,0.002521675027310266,-6.764705882352941,5.684341886080802e-15,False
835,0.002069330064841779,-0.9375,5.684341886080802e-15,False
836,0.002825477016813238,-5.454545454545454,5.684341886080802e-15,False
837,0.003391204518266022,-4.69811320754717,5.684341886080802e-15,False
838,0.0013554546494560782,3.8095238095238093,5.684341886080802e-15,False
839,0.0016090838780655758,-0.92,5.684341886080802e-15,False
840,0.001039010703607346,5.3125,5.684341886080802e-15,False
841,0.0016971825025393628,-0.9130434782608695,5.684341886080802e-15,False
842,0.0010417761313874507,5.3125,5.684341886080802e-15,False
843,0.0031312543105741497,-7.020408163265306,5.684341886080802e-15,False
844,0.0012926399322168436,-0.9,5.684341886080802e-15,False
845,0.0025607860770833213,-3.425,5.684341886080802e-15,False
846,0.0018654785344551783,-4.344827586206897,5.684341886080802e-15,False
847,0.0012918498105136678,4.05,5.684341886080802e-15,False
848,0.001376392885504174,-0.8947368421052632,5.684341886080802e-15,False
849,0.0010591588197712554,5.3125,5.684341886080802e-15,False
850,0.0011662203796731774,4.611111111111111,5.684341886080802e-15,False
851,0.001489380363636883,3.391304347826087,5.684341886080802e-15,False
852,0.0015620716039848048,-0.9166666666666666,5.684341886080802e-15,False
853,0.002626761281135259,-5.780487804878049,5.684341886080802e-15,False
854,0.0009754058664839249,5.733333333333333,5.684341886080802e-15,False
855,0.0018631081675266614,-4.344827586206897,5.684341886080802e-15,False
856,0.001483454445406096,3.391304347826087,5.684341886080802e-15,False
857,0.003365920607393491,-2.94,5.684341886080802e-15,False
858,0.001356244771159254,-0.9047619047619048,5.684341886080802e-15,False
859,0.005216386818574392,-10.634146341463415,5.684341886080802e-15,False
860,0.0023091321545507526,-6.444444444444445,5.684341886080802e-15,False
861,0.004286412979126908,-4.111111111111111,5.684341886080802e-15,False
862,0.004980535339200287,-6.051282051282051,5.684341886080802e-15,False
863,0.001616194977032137,3.04,5.684341886080802e-15,False
864,0.006111990342105855,-9.229166666666666,5.684341886080802e-15,False
865,0.0011800475185737014,5.733333333333333,5.684341886080802e-15,False
866,0.003527895660226932,-4.5636363636363635,5.684341886080802e-15,False
867,0.0012337758289504563,4.315789473684211,5.684341886080802e-15,False
868,0.001104195785956108,4.9411764705882355,5.684341886080802e-15,False
869,0.002509428133635083,-6.0256410256410255,5.684341886080802e-15,False
870,0.004361869650892913,-8.25,5.684341886080802e-15,False
871,0.0013360966531763552,4.9411764705882355,5.684341886080802e-15,False
872,0.0013088374380458845,4.05,5.684341886080802e-15,False
873,0.0016817751184134977,-0.9230769230769231,5.684341886080802e-15,False
874,0.0011057760293624597,4.9411764705882355,5.684341886080802e-15,False
875,0.0012333807680988684,4.315789473684211,5.684341886080802e-15,False
876,0.004575992768877768,-7.943661971830986,5.684341886080802e-15,False
877,0.006033373181708157,-6.6022727272727275,5.684341886080802e-15,False
878,0.0008600480232416885,6.769230769230769,5.684341886080802e-15,False
879,0.002052342435490573,-0.9375,5.684341886080802e-15,False
880,0.0016762442646722775,-0.9230769230769231,5.684341886080802e-15,False
881,0.0021756015012215357,-6.764705882352941,5.684341886080802e-15,False
882,0.0011638500127446605,-0.8888888888888888,5.684341886080802e-15,False
883,0.0030696247777086683,-0.9583333333333334,5.684341886080802e-15,False
884,0.010426057599033811,-9.081761006289309,5.684341886080802e-15,False
885,0.0013613805658678757,3.8095238095238093,5.684341886080802e-15,False
886,0.0011705660508596338,4.611111111111111,5.684341886080802e-15,False
887,0.00650626132483012,-12.091836734693878,5.684341886080802e-15,False
888,0.0021783669290016405,-0.9411764705882353,5.684341886080802e-15,False
889,0.0014795038350712275,3.391304347826087,5.684341886080802e-15,False
890,0.0012863189549534582,-0.9,5.684341886080802e-15,False
891,0.004004734411864774,-7.253968253968254,5.684341886080802e-15,False
892,0.0014964914626034442,4.315789473684211,5.684341886080802e-15,False
893,0.002825081954142661,-3.2045454545454546,5.684341886080802e-15,False
894,0.0009145664553216193,-0.8571428571428571,5.684341886080802e-15,False
895,0.001422219975211192,3.590909090909091,5.684341886080802e-15,False
896,0.0012310103993513621,4.315789473684211,5.684341886080802e-15,False
897,0.0034544142945378553,-11.962962962962964,5.684341886080802e-15,False
898,0.0024288356689794455,-0.9473684210526315,5.684341886080802e-15,False
899,0.0034113526344299316,-2.9019607843137254,5.684341886080802e-15,False
900,0.0009133812727668555,6.214285714285714,5.684341886080802e-15,False
901,0.002576193459390197,-3.425,5.684341886080802e-15,False
902,0.0032138220813067164,-0.96,5.684341886080802e-15,False
903,0.001291059688810492,4.05,5.684341886080802e-15,False
904,0.0024936256886576302,-3.4871794871794872,5.684341886080802e-15,False
905,0.002170860767364502,-0.9310344827586207,5.684341886080802e-15,False
906,0.0037815248888364295,-4.322033898305085,5.684341886080802e-15,False
907,0.001102220479879179,4.9411764705882355,5.684341886080802e-15,False
908,0.002697082158192643,-5.666666666666667,5.684341886080802e-15,False
909,0.0014818742019997444,3.391304347826087,5.684341886080802e-15,False
910,0.0014881951792631298,-0.9130434782608695,5.684341886080802e-15,False
911,0.003408192145798239,-3.0208333333333335,5.684341886080802e-15,False
912,0.0019958486991527025,-7.32258064516129,5.684341886080802e-15,False
913,0.0008481961922370829,6.769230769230769,5.684341886080802e-15,False
914,0.003187748050549999,-8.88,5.684341886080802e-15,False
915,0.0014767384072911227,3.391304347826087,5.684341886080802e-15,False
916,0.00445905468222918,-8.042857142857143,5.684341886080802e-15,False
917,0.0015039976224215934,4.611111111111111,5.684341886080802e-15,False
918,0.005810163658679812,-6.417582417582418,5.684341886080802e-15,False
919,0.0019365895313967485,-0.9333333333333333,5.684341886080802e-15,False
920,0.0008462208861601539,6.769230769230769,5.684341886080802e-15,False
921,0.0015478494060516823,3.2083333333333335,5.684341886080802e-15,False
922,0.002566711993495119,-0.95,5.684341886080802e-15,False
923,0.0012025659998471383,5.733333333333333,5.684341886080802e-15,False
924,0.0011069612137362128,4.9411764705882355,5.684341886080802e-15,False
925,0.002825872077664826,-3.2045454545454546,5.684341886080802e-15,False
926,0.0016213307717407588,-0.92,5.684341886080802e-15,False
927,0.008784183650277555,-7.684210526315789,5.684341886080802e-15,False
928,0.0012468128443288151,4.315789473684211,5.684341886080802e-15,False
929,0.003784685377468122,-4.322033898305085,5.684341886080802e-15,False
930,0.001116047618779703,4.9411764705882355,5.684341886080802e-15,False
931,0.0013613805640488863,-0.9047619047619048,5.684341886080802e-15,False
932,0.0011073562745878007,4.9411764705882355,5.684341886080802e-15,False
933,0.0022526384145749034,-6.6,5.684341886080802e-15,False
934,0.0024082924901449587,-0.9428571428571428,5.684341886080802e-15,False
935,0.0015541703833150677,-0.9166666666666666,5.684341886080802e-15,False
936,0.0012926399322168436,-5.85,5.684341886080802e-15,False
937,0.001354269465082325,3.8095238095238093,5.684341886080802e-15,False
938,0.0012942201774421846,-0.9,5.684341886080802e-15,False
939,0.0011749117238650797,-0.8888888888888888,5.684341886080802e-15,False
940,0.0029542669362854213,-0.9565217391304348,5.684341886080802e-15,False
941,0.0009738256212585839,5.733333333333333,5.684341886080802e-15,False
942,0.0012286400342418347,4.315789473684211,5.684341886080802e-15,False
943,0.002065774513539509,-0.9285714285714286,5.684341886080802e-15,False
944,0.0021372805731516564,-3.9393939393939394,5.684341886080802e-15,False
945,0.003726216335053323,-7.793103448275862,5.684341886080802e-15,False
946,0.00473954806511756,-9.0,5.684341886080802e-15,False
947,0.0019918980869988445,-0.9354838709677419,5.684341886080802e-15,False
948,0.0019255278220953187,-0.9166666666666666,5.684341886080802e-15,False
949,0.002580144071544055,-5.9,5.684341886080802e-15,False
950,0.0019350092879903968,-7.533333333333333,5.684341886080802e-15,False
951,0.0009821219045988983,5.733333333333333,5.684341886080802e-15,False
952,0.0012428622339939466,4.315789473684211,5.684341886080802e-15,False
953,0.001235356072356808,4.315789473684211,5.684341886080802e-15,False
954,0.001430121195880929,-5.409090909090909,5.684341886080802e-15,False
955,0.00110380072510452,4.9411764705882355,5.684341886080802e-15,False
956,0.0018678489013836952,-5.041666666666667,5.684341886080802e-15,False
957,0.001882466161987395,-0.9310344827586207,5.684341886080802e-15,False
958,0.004614708757799235,-6.472222222222222,5.684341886080802e-15,False
959,0.003332735475851223,-2.8653846153846154,5.684341886080802e-15,False
960,0.003465080942987697,-2.7962962962962963,5.684341886080802e-15,False
961,0.0013890348418499343,4.9411764705882355,5.684341886080802e-15,False
962,0.0020096758380532265,-4.129032258064516,5.684341886080802e-15,False
963,0.0034682414334383793,-11.962962962962964,5.684341886080802e-15,False
964,0.001039010703607346,5.3125,5.684341886080802e-15,False
965,0.0022573791502509266,-3.7714285714285714,5.684341886080802e-15,False
966,0.001235751133208396,-0.8947368421052632,5.684341886080802e-15,False
967,0.001170170990008046,4.611111111111111,5.684341886080802e-15,False
968,0.0011685907466016943,4.611111111111111,5.684341886080802e-15,False
969,0.004402956004923908,-9.216666666666667,5.684341886080802e-15,False
970,0.0011760969064198434,4.611111111111111,5.684341886080802e-15,False
971,0.0015537753224634798,-0.9166666666666666,5.684341886080802e-15,False
972,0.0018081946727761533,-0.9285714285714286,5.684341886080802e-15,False
973,0.0022530334772454808,-6.6,5.684341886080802e-15,False
974,0.0008489863121212693,6.769230769230769,5.684341886080802e-15,False
975,0.0014245903421397088,-0.9090909090909091,5.684341886080802e-15,False
976,0.002381428335866076,-0.9375,5.684341886080802e-15,False
977,0.0014388125400728313,3.590909090909091,5.684341886080802e-15,False
978,0.0021254287403280614,-0.9393939393939394,5.684341886080802e-15,False
979,0.0021902187618252356,-0.9411764705882353,5.684341886080802e-15,False
980,0.002115552211762406,-3.9393939393939394,5.684341886080802e-15,False
981,0.0008489863139402587,6.769230769230769,5.684341886080802e-15,False
982,0.0023747122977511026,-3.6216216216216215,5.684341886080802e-15,False
983,0.0014506643747154158,4.315789473684211,5.684341886080802e-15,False
984,0.0009825169654504862,5.733333333333333,5.684341886080802e-15,False
985,0.0017382688565703575,-0.9259259259259259,5.684341886080802e-15,False
986,0.001606318450285471,-0.92,5.684341886080802e-15,False
987,0.00319130359821429,-6.9,5.684341886080802e-15,False
988,0.0010998501129506622,4.9411764705882355,5.684341886080802e-15,False
989,0.0011030106015823549,4.9411764705882355,5.684341886080802e-15,False
990,0.0017279972689721035,-4.592592592592593,5.684341886080802e-15,False
991,0.0036195498360029887,-6.673076923076923,5.684341886080802e-15,False
992,0.00136612129790592,3.8095238095238093,5.684341886080802e-15,False
993,0.0012337758289504563,4.315789473684211,5.684341886080802e-15,False
994,0.0021929841896053404,-3.8529411764705883,5.684341886080802e-15,False
995,0.001364145991828991,3.8095238095238093,5.684341886080802e-15,False
996,0.0038581667413382092,-5.916666666666667,5.684341886080802e-15,False
997,0.0018042440624412848,-0.92,5.684341886080802e-15,False
998,0.0055292752131208545,-10.092105263157896,5.684341886080802e-15,False
999,0.001684540548012592,-0.9230769230769231,5.684341886080802e-15,False
1000,0.00205273749816115,-4.03125,5.684341886080802e-15,False
1001,0.0011030106015823549,4.9411764705882355,5.684341886080802e-15,False
1002,0.0014368372358148918,3.590909090909091,5.684341886080802e-15,False
1003,0.005235744813035126,-6.086206896551724,5.684341886080802e-15,False
1004,0.0070269518582790624,-6.381818181818182,5.684341886080802e-15,False
1005,0.0011105167632194934,-0.8823529411764706,5.684341886080802e-15,False
1006,0.0017983181460294873,-11.535714285714286,5.684341886080802e-15,False
1007,0.00627870612879633,-4.213114754098361,5.684341886080802e-15,False
1008,0.002090268300889875,-0.9333333333333333,5.684341886080802e-15,False
1009,0.0014787137133680517,-0.9047619047619048,5.684341886080802e-15,False
1010,0.002827847383741755,-0.9523809523809523,5.684341886080802e-15,False
1011,0.0015419234896398848,4.315789473684211,5.684341886080802e-15,False
1012,0.0010911587705777492,5.733333333333333,5.684341886080802e-15,False
1013,0.003980240624514408,-5.083333333333333,5.684341886080802e-15,False
1014,0.0033769823185139103,-6.9,5.684341886080802e-15,False
1015,0.0009647392162150936,6.214285714285714,5.684341886080802e-15,False
1016,0.001948046305187745,-7.758620689655173,5.684341886080802e-15,False
1017,0.0014727877951372648,-0.8947368421052632,5.684341886080802e-15,False
1018,0.00424967229628237,-8.433962264150944,5.684341886080802e-15,False
1019,0.002330070392417838,-4.344827586206897,5.684341886080802e-15,False
1020,0.0029692792595596984,-7.413043478260869,5.684341886080802e-15,False
1021,0.0034765377167786937,-4.62962962962963,5.684341886080802e-15,False
1022,0.0014929359113011742,3.391304347826087,5.684341886080802e-15,False
1023,0.003009575490068528,-7.276595744680851,5.684341886080802e-15,False
1024,0.0030850321618345333,-0.9523809523809523,5.684341886080802e-15,False
1025,0.0022056261441321112,-6.9393939393939394,5.684341886080802e-15,False
1026,0.002605823043268174,-8.564102564102564,5.684341886080802e-15,False
1027,0.002406712246738607,-9.194444444444445,5.684341886080802e-15,False
1028,0.0038941173024795717,-12.711864406779661,5.684341886080802e-15,False
1029,0.0011385661018721294,4.9411764705882355,5.684341886080802e-15,False
1030,0.0021771817446278874,4.315789473684211,5.684341886080802e-15,False
1031,0.006039299098119955,-9.404255319148936,5.684341886080802e-15,False
1032,0.0023166383143689018,-3.6944444444444446,5.684341886080802e-15,False
1033,0.002699057464269572,-3.3095238095238093,5.684341886080802e-15,False
1034,0.00312927900631621,-8.023809523809524,5.684341886080802e-15,False
1035,0.007606111437780783,-6.238938053097345,5.684341886080802e-15,False
1036,0.0031462666320294375,-5.0,5.684341886080802e-15,False
1037,0.0020594535362761235,-0.9375,5.684341886080802e-15,False
1038,0.0013617756249004742,5.733333333333333,5.684341886080802e-15,False
1039,0.0015079482345754514,-0.9090909090909091,5.684341886080802e-15,False
1040,0.0027263166794000426,-8.023809523809524,5.684341886080802e-15,False
1041,0.0013673064804606838,3.8095238095238093,5.684341886080802e-15,False
1042,0.002377872784563806,-6.297297297297297,5.684341886080802e-15,False
1043,0.001549034588606446,-0.9166666666666666,5.684341886080802e-15,False
1044,0.002116342335284571,-6.9393939393939394,5.684341886080802e-15,False
1045,0.002130959595888271,-0.9285714285714286,5.684341886080802e-15,False
1046,0.0025536749762977706,-3.5526315789473686,5.684341886080802e-15,False
1047,0.002980340968861128,-5.355555555555555,5.684341886080802e-15,False
1048,0.0012965905425517121,-0.9,5.684341886080802e-15,False
1049,0.0015498247103096219,-5.041666666666667,5.684341886080802e-15,False
1050,0.0034563896006147843,-4.62962962962963,5.684341886080802e-15,False
1051,0.0038316976479109144,-8.433962264150944,5.684341886080802e-15,False
1052,0.006875643455714453,-9.38679245283019,5.684341886080802e-15,False
1053,0.0023703666247456567,-8.972972972972974,5.684341886080802e-15,False
1054,0.005144485698110657,-9.0,5.684341886080802e-15,False
1055,0.004643943279006635,-6.7101449275362315,5.684341886080802e-15,False
1056,0.0029574274267361034,-11.717391304347826,5.684341886080802e-15,False
1057,0.0020547128024190897,2.15625,5.684341886080802e-15,False
1058,0.0010958995026157936,4.9411764705882355,5.684341886080802e-15,False
1059,0.0012590597398229875,5.733333333333333,5.684341886080802e-15,False
1060,0.0032363405643991427,-0.9166666666666666,5.684341886080802e-15,False
1061,0.0037645372613042127,5.733333333333333,5.684341886080802e-15,False
1062,0.007755444534268463,-0.9354838709677419,5.684341886080802e-15,False
1063,0.013035041129114688,-6.297297297297297,5.684341886080802e-15,False
1064,0.02424213453195989,-7.4868421052631575,5.684341886080802e-15,False
1065,0.00978329318058968,-8.49367088607595,5.684341886080802e-15,False
1066,0.002838514032191597,-0.9230769230769231,5.684341886080802e-15,False
1067,0.006646112955422723,-0.9259259259259259,5.684341886080802e-15,False
1068,0.011382500530089601,-2.5901639344262297,5.684341886080802e-15,False
1069,0.004012635634353501,-7.533333333333333,5.684341886080802e-15,False
1070,0.00229886056331452,-0.9130434782608695,5.684341886080802e-15,False
1071,0.0015032075007184176,5.733333333333333,5.684341886080802e-15,False
1072,0.008101518060357193,-5.780487804878049,5.684341886080802e-15,False
1073,0.007942308437122847,-4.8311688311688314,5.684341886080802e-15,False
1074,0.0017532811798446346,4.9411764705882355,5.684341886080802e-15,False
1075,0.004477622554986738,-0.9333333333333333,5.684341886080802e-15,False
1076,0.002789921518342453,-4.592592592592593,5.684341886080802e-15,False
1077,0.003932438230549451,-11.368421052631579,5.684341886080802e-15,False
1078,0.002288588975716266,-0.9090909090909091,5.684341886080802e-15,False
1079,0.0020669596960942727,-0.9,5.684341886080802e-15,False
1080,0.002285033424413996,6.769230769230769,5.684341886080802e-15,False
1081,0.006464779906309559,-4.8431372549019605,5.684341886080802e-15,False
1082,0.00726240827680158,-7.253968253968254,5.684341886080802e-15,False
1083,0.004634066750440979,-0.9444444444444444,5.684341886080802e-15,False
1084,0.0053720408941444475,-7.8604651162790695,5.684341886080802e-15,False
1085,0.001536787694931263,6.769230769230769,5.684341886080802e-15,False
1086,0.010217465334790177,-7.662162162162162,5.684341886080802e-15,False
1087,0.0011784672733483603,5.3125,5.684341886080802e-15,False
1088,0.001541133367936709,3.590909090909091,5.684341886080802e-15,False
1089,0.002809674571835785,4.05,5.684341886080802e-15,False
1090,0.0022293298097793013,5.733333333333333,5.684341886080802e-15,False
1091,0.0024264653020509286,4.9411764705882355,5.684341886080802e-15,False
1092,0.002720390762988245,-0.9,5.684341886080802e-15,False
1093,0.01036442806616833,-8.951612903225806,5.684341886080802e-15,False
1094,0.0023545641797682038,5.3125,5.684341886080802e-15,False
1095,0.005853620377820334,-3.255813953488372,5.684341886080802e-15,False
1096,0.001855206945037935,6.214285714285714,5.684341886080802e-15,False
1097,0.0031427110843651462,6.769230769230769,5.684341886080802e-15,False
1098,0.004853325664953445,3.8095238095238093,5.684341886080802e-15,False
1099,0.0031233530880854232,3.2083333333333335,5.684341886080802e-15,False
1100,0.008809467561150086,-8.132530120481928,5.684341886080802e-15,False
1101,0.006206805006513605,-7.020408163265306,5.684341886080802e-15,False
1102,0.0019946635147789493,-4.344827586206897,5.684341886080802e-15,False
1103,0.004294314201615634,-3.425,5.684341886080802e-15,False
1104,0.001078121753380401,6.769230769230769,5.684341886080802e-15,False
1105,0.0018603427379275672,-4.88,5.684341886080802e-15,False
1106,0.0022708112264808733,-0.9411764705882353,5.684341886080802e-15,False
1107,0.001223504239533213,4.611111111111111,5.684341886080802e-15,False
1108,0.0031355999835795956,-5.260869565217392,5.684341886080802e-15,False
1109,0.006790705318053369,-3.9696969696969697,5.684341886080802e-15,False
1110,0.006893816267620423,-6.880597014925373,5.684341886080802e-15,False
1111,0.0010192576482950244,5.733333333333333,5.684341886080802e-15,False
1112,0.0016078986936918227,3.2083333333333335,5.684341886080802e-15,False
1113,0.0040952034050860675,-11.64864864864865,5.684341886080802e-15,False
1114,0.002495600994734559,-3.6944444444444446,5.684341886080802e-15,False
1115,0.0018662686561583541,-0.9230769230769231,5.684341886080802e-15,False
1116,0.0013759978264715755,4.9411764705882355,5.684341886080802e-15,False
1117,0.0018081946745951427,4.611111111111111,5.684341886080802e-15,False
1118,0.001815305773561704,3.04,5.684341886080802e-15,False
1119,0.001775799662937061,3.391304347826087,5.684341886080802e-15,False
1120,0.0025430083278479287,-0.9259259259259259,5.684341886080802e-15,False
1121,0.0028740695324813714,-6.157894736842105,5.684341886080802e-15,False
1122,0.0012618251676030923,-0.8888888888888888,5.684341886080802e-15,False
1123,0.001117627864005044,-0.875,5.684341886080802e-15,False
1124,0.00306014331181359,-5.355555555555555,5.684341886080802e-15,False
1125,0.0013467633034451865,4.611111111111111,5.684341886080802e-15,False
1126,0.00632611346009071,-4.111111111111111,5.684341886080802e-15,False
1127,0.0024280455454572802,-0.9428571428571428,5.684341886080802e-15,False
1128,0.0018232069960504305,-0.9259259259259259,5.684341886080802e-15,False
1129,0.0020432560304470826,-0.9333333333333333,5.684341886080802e-15,False
1130,0.0022210335282579763,-0.9393939393939394,5.684341886080802e-15,False
1131,0.0036333769749035127,-5.0,5.684341886080802e-15,False
1132,0.0023336259419011185,-0.9354838709677419,5.684341886080802e-15,False
1133,0.002381428335866076,-0.9428571428571428,5.684341886080802e-15,False
1134,0.0010808871811605059,-0.875,5.684341886080802e-15,False
1135,0.0011496278129925486,4.9411764705882355,5.684341886080802e-15,False
1136,0.001340837387033389,-0.9,5.684341886080802e-15,False
1137,0.007034853080767789,-7.651685393258427,5.684341886080802e-15,False
1138,0.0036863151617581025,-8.433962264150944,5.684341886080802e-15,False
1139,0.0024138233475241577,-6.6,5.684341886080802e-15,False
1140,0.0019828116819553543,-0.9310344827586207,5.684341886080802e-15,False
1141,0.0014763433464395348,-0.9047619047619048,5.684341886080802e-15,False
1142,0.0020298239523981465,-4.233333333333333,5.684341886080802e-15,False
1143,0.003922956764654373,-3.108695652173913,5.684341886080802e-15,False
1144,0.0013550595867855009,4.315789473684211,5.684341886080802e-15,False
1145,0.0008877023010427365,6.769230769230769,5.684341886080802e-15,False
1146,0.0020997497686039424,-4.129032258064516,5.684341886080802e-15,False
1147,0.0014087878971622558,3.8095238095238093,5.684341886080802e-15,False
1148,0.00134241763225873,-0.875,5.684341886080802e-15,False
1149,0.0026587612301227637,-0.9473684210526315,5.684341886080802e-15,False
1150,0.0010054305093945004,6.214285714285714,5.684341886080802e-15,False
1151,0.0035014265649806475,-4.129032258064516,5.684341886080802e-15,False
1152,0.0017667132578935707,4.315789473684211,5.684341886080802e-15,False
1153,0.002699057464269572,-8.375,5.684341886080802e-15,False
1154,0.0010097761823999463,5.733333333333333,5.684341886080802e-15,False
1155,0.0024616257396701258,-0.9354838709677419,5.684341886080802e-15,False
1156,0.0021878483948967187,-3.9393939393939394,5.684341886080802e-15,False
1157,0.0012586646771524101,-0.875,5.684341886080802e-15,False
1158,0.003989327027738909,-8.433962264150944,5.684341886080802e-15,False
1159,0.0016758492038206896,-0.9166666666666666,5.684341886080802e-15,False
1160,0.0031608838926331373,-9.382978723404255,5.684341886080802e-15,False
1161,0.0012705165117949946,4.315789473684211,5.684341886080802e-15,False
1162,0.0022897741582710296,-3.8529411764705883,5.684341886080802e-15,False
1163,0.001301331276408746,4.315789473684211,5.684341886080802e-15,False
1164,0.0021637496665789513,4.315789473684211,5.684341886080802e-15,False
1165,0.0012665658996411366,5.733333333333333,5.684341886080802e-15,False
1166,0.002351008630284923,-3.7714285714285714,5.684341886080802e-15,False
1167,0.0026883908140007406,-3.3658536585365852,5.684341886080802e-15,False
1168,0.000981331781076733,5.733333333333333,5.684341886080802e-15,False
1169,0.002235255726191099,-0.9285714285714286,5.684341886080802e-15,False
1170,0.0010429613157612039,5.733333333333333,5.684341886080802e-15,False
1171,0.003165624626490171,-5.558139534883721,5.684341886080802e-15,False
1172,0.0021590089327219175,-0.9333333333333333,5.684341886080802e-15,False
1173,0.004090857732080622,-4.213114754098361,5.684341886080802e-15,False
1174,0.0010773316298582358,5.3125,5.684341886080802e-15,False
1175,0.004871103412369848,-6.7101449275362315,5.684341886080802e-15,False
1176,0.0020819720175495604,-0.9285714285714286,5.684341886080802e-15,False
1177,0.0020436510912986705,5.733333333333333,5.684341886080802e-15,False
1178,0.0021459719173435587,-4.129032258064516,5.684341886080802e-15,False
1179,0.002212342184066074,-6.9393939393939394,5.684341886080802e-15,False
1180,0.0020017746137455106,-7.758620689655173,5.684341886080802e-15,False
1181,0.0029578224875876913,-5.454545454545454,5.684341886080802e-15,False
1182,0.0013163435978640337,4.315789473684211,5.684341886080802e-15,False
1183,0.0014052323476789752,5.733333333333333,5.684341886080802e-15,False
1184,0.0015557506285404088,4.9411764705882355,5.684341886080802e-15,False
1185,0.0009236528621840989,6.769230769230769,5.684341886080802e-15,False
1186,0.004019746733320062,-6.086206896551724,5.684341886080802e-15,False
1187,0.001862713104856084,-0.9230769230769231,5.684341886080802e-15,False
1188,0.005942904188486864,-3.255813953488372,5.684341886080802e-15,False
1189,0.008336579418028123,-3.5526315789473686,5.684341886080802e-15,False
1190,0.009068232582649216,-3.255813953488372,5.684341886080802e-15,False
1191,0.014891038197674789,-6.566037735849057,5.684341886080802e-15,False
1192,0.013185559411795111,-2.7017543859649122,5.684341886080802e-15,False
1193,0.005163843690752401,-0.9259259259259259,5.684341886080802e-15,False
1194,0.008132332828608924,-4.03125,5.684341886080802e-15,False
1195,0.004875449085375294,4.9411764705882355,5.684341886080802e-15,False
1196,0.0027456746738607762,5.733333333333333,5.684341886080802e-15,False
1197,0.0027275018637737958,-0.9285714285714286,5.684341886080802e-15,False
1198,0.002460045496263774,4.05,5.684341886080802e-15,False
1199,0.00663031051044527,-8.144927536231885,5.684341886080802e-15,False
1200,0.0013479484878189396,4.315789473684211,5.684341886080802e-15,False
1201,0.009073368377357838,-12.688172043010752,5.684341886080802e-15,False
1202,0.00424769699202443,-0.9230769230769231,5.684341886080802e-15,False
1203,0.00193619447236415,-0.9,5.684341886080802e-15,False
1204,0.0020321943193266634,-0.9333333333333333,5.684341886080802e-15,False
1205,0.0014064175320527283,-0.9047619047619048,5.684341886080802e-15,False
1206,0.00121125734585803,4.611111111111111,5.684341886080802e-15,False
1207,0.0014095780188654317,3.8095238095238093,5.684341886080802e-15,False
1208,0.0010101712432515342,5.733333333333333,5.684341886080802e-15,False
1209,0.003037229767869576,-0.9411764705882353,5.684341886080802e-15,False
1210,0.007990505890120403,-2.7636363636363637,5.684341886080802e-15,False
1211,0.0014467137625615578,5.3125,5.684341886080802e-15,False
1212,0.0030708099620824214,-0.9166666666666666,5.684341886080802e-15,False
1213,0.005300929895383888,-3.108695652173913,5.684341886080802e-15,False
1214,0.00217125582821609,-4.129032258064516,5.684341886080802e-15,False
1215,0.0014688371848023962,-0.9047619047619048,5.684341886080802e-15,False
1216,0.0026374279314040905,-0.9285714285714286,5.684341886080802e-15,False
1217,0.004248882174579194,-7.758620689655173,5.684341886080802e-15,False
1218,0.0038064137388573727,-5.083333333333333,5.684341886080802e-15,False
1219,0.001990317843592493,-0.9310344827586207,5.684341886080802e-15,False
1220,0.005332534781700815,-7.4868421052631575,5.684341886080802e-15,False
1221,0.0019373796549189137,-4.464285714285714,5.684341886080802e-15,False
1222,0.00377243848197395,-5.083333333333333,5.684341886080802e-15,False
1223,0.003853821070151753,-5.9,5.684341886080802e-15,False
1224,0.001316738660534611,4.315789473684211,5.684341886080802e-15,False
1225,0.002467946716933511,-0.9354838709677419,5.684341886080802e-15,False
1226,0.0017276022081205156,5.733333333333333,5.684341886080802e-15,False
1227,0.0012345659506536322,4.9411764705882355,5.684341886080802e-15,False
1228,0.001247602966031991,-0.8888888888888888,5.684341886080802e-15,False
1229,0.004727301173261367,-3.6216216216216215,5.684341886080802e-15,False
1230,0.0013736274595430586,4.315789473684211,5.684341886080802e-15,False
1231,0.0023407370408676798,-4.03125,5.684341886080802e-15,False
1232,0.0009165417613985483,6.769230769230769,5.684341886080802e-15,False
1233,0.0016873059757926967,3.391304347826087,5.684341886080802e-15,False
1234,0.0009193071891786531,6.769230769230769,5.684341886080802e-15,False
1235,0.0014668618805444567,-0.9,5.684341886080802e-15,False
1236,0.0011516031190694775,5.733333333333333,5.684341886080802e-15,False
1237,0.0020341696254035924,-0.9166666666666666,5.684341886080802e-15,False
1238,0.001813725528336363,3.391304347826087,5.684341886080802e-15,False
1239,0.001092739013984101,-0.875,5.684341886080802e-15,False
1240,0.0033161429073516047,-5.355555555555555,5.684341886080802e-15,False
1241,0.001185973434985499,4.9411764705882355,5.684341886080802e-15,False
1242,0.003356044080646825,-5.170212765957447,5.684341886080802e-15,False
1243,0.0055427072911697906,-5.170212765957447,5.684341886080802e-15,False
1244,0.001783700883606798,3.391304347826087,5.684341886080802e-15,False
1245,0.0011808376402768772,4.9411764705882355,5.684341886080802e-15,False
1246,0.0023893295583548024,-0.9428571428571428,5.684341886080802e-15,False
1247,0.0012329857072472805,4.9411764705882355,5.684341886080802e-15,False
1248,0.006482162596512353,-9.876404494382022,5.684341886080802e-15,False
1249,0.0013301707367645577,5.733333333333333,5.684341886080802e-15,False
1250,0.0011547636077011703,5.733333333333333,5.684341886080802e-15,False
1251,0.004372536301161745,-7.677966101694915,5.684341886080802e-15,False
1252,0.0016782195707492065,3.04,5.684341886080802e-15,False
1253,0.00160473820506013,-0.9047619047619048,5.684341886080802e-15,False
1254,0.0017177256813738495,-4.730769230769231,5.684341886080802e-15,False
1255,0.00268127971321519,-6.297297297297297,5.684341886080802e-15,False
1256,0.006468335457611829,-7.15625,5.684341886080802e-15,False
1257,0.0034864142435253598,-3.4871794871794872,5.684341886080802e-15,False
1258,0.0024391072565776994,-6.6,5.684341886080802e-15,False
1259,0.0019049846450798213,3.04,5.684341886080802e-15,False
1260,0.002734612962740357,-0.9285714285714286,5.684341886080802e-15,False
1261,0.0021866632105229655,2.607142857142857,5.684341886080802e-15,False
1262,0.005820435246278066,-8.951612903225806,5.684341886080802e-15,False
1263,0.0014526396789733553,4.05,5.684341886080802e-15,False
1264,0.0033734267690306297,-6.157894736842105,5.684341886080802e-15,False
1265,0.0019911079634766793,-0.9130434782608695,5.684341886080802e-15,False
1266,0.00770132116304012,-7.804597701149425,5.684341886080802e-15,False
1267,0.0021949594956822693,6.769230769230769,5.684341886080802e-15,False
1268,0.0015703678891441086,5.733333333333333,5.684341886080802e-15,False
1269,0.0010042453268397367,6.769230769230769,5.684341886080802e-15,False
1270,0.0016861207914189436,-0.875,5.684341886080802e-15,False
1271,0.005047695727625978,-10.30188679245283,5.684341886080802e-15,False
1272,0.003462315517026582,-3.5526315789473686,5.684341886080802e-15,False
1273,0.003234365260141203,-4.344827586206897,5.684341886080802e-15,False
1274,0.002210761938840733,4.9411764705882355,5.684341886080802e-15,False
1275,0.0017228614760824712,5.3125,5.684341886080802e-15,False
1276,0.0017706638682284392,5.3125,5.684341886080802e-15,False
1277,0.003284538019215688,-3.9393939393939394,5.684341886080802e-15,False
1278,0.003447698256422882,-8.88,5.684341886080802e-15,False
1279,0.0011361957349436125,5.3125,5.684341886080802e-15,False
1280,0.0016904664644243894,5.733333333333333,5.684341886080802e-15,False
1281,0.002128984289811342,-4.464285714285714,5.684341886080802e-15,False
1282,0.0011452821399871027,4.9411764705882355,5.684341886080802e-15,False
1283,0.0010812822420120938,5.733333333333333,5.684341886080802e-15,False
1284,0.001618960404812242,-0.8888888888888888,5.684341886080802e-15,False
1285,0.0012266647281649057,4.9411764705882355,5.684341886080802e-15,False
1286,0.002021527669057832,4.9411764705882355,5.684341886080802e-15,False
1287,0.002605427982416586,4.315789473684211,5.684341886080802e-15,False
1288,0.0030850321618345333,-0.8666666666666667,5.684341886080802e-15,False
1289,0.0012590597398229875,4.9411764705882355,5.684341886080802e-15,False
1290,0.0010200477699982002,5.733333333333333,5.684341886080802e-15,False
1291,0.0010398008253105218,5.733333333333333,5.684341886080802e-15,False
1292,0.00107654150815506,5.3125,5.684341886080802e-15,False
1293,0.0027836005410790676,-3.4871794871794872,5.684341886080802e-15,False
1294,0.001356639832010842,4.315789473684211,5.684341886080802e-15,False
1295,0.001209677100632689,4.9411764705882355,5.684341886080802e-15,False
1296,0.007486802984203678,-8.825396825396826,5.684341886080802e-15,False
1297,0.002918711437814636,-3.425,5.684341886080802e-15,False
1298,0.007231198449517251,-6.462962962962963,5.684341886080802e-15,False
1299,0.0030866124070598744,3.391304347826087,5.684341886080802e-15,False
1300,0.0020298239523981465,-0.9047619047619048,5.684341886080802e-15,False
1301,0.0029491311415767996,-6.0256410256410255,5.684341886080802e-15,False
1302,0.007559099165519001,-8.72549019607843,5.684341886080802e-15,False
1303,0.0015284914115909487,3.590909090909091,5.684341886080802e-15,False
1304,0.0012938251165905967,-0.8888888888888888,5.684341886080802e-15,False
1305,0.0031336246775026666,-3.8529411764705883,5.684341886080802e-15,False
1306,0.0039762900123605505,-10.86,5.684341886080802e-15,False
1307,0.0015438987957168138,3.8095238095238093,5.684341886080802e-15,False
1308,0.0013724422751693055,4.611111111111111,5.684341886080802e-15,False
1309,0.003574907930669724,-0.9473684210526315,5.684341886080802e-15,False
1310,0.0016786146316007944,4.9411764705882355,5.684341886080802e-15,False
1311,0.0019413302652537823,2.8846153846153846,5.684341886080802e-15,False
1312,0.0012523436998890247,4.9411764705882355,5.684341886080802e-15,False
1313,0.0018397995609120699,-0.875,5.684341886080802e-15,False
1314,0.006086706431233324,-6.253333333333333,5.684341886080802e-15,False
1315,0.001640293703530915,3.8095238095238093,5.684341886080802e-15,False
1316,0.0013831089254381368,-0.9,5.684341886080802e-15,False
1317,0.00402369734547392,-7.566666666666666,5.684341886080802e-15,False
1318,0.0015201951282506343,-0.9047619047619048,5.684341886080802e-15,False
1319,0.0011401463470974704,4.9411764705882355,5.684341886080802e-15,False
1320,0.0012954053618159378,-0.875,5.684341886080802e-15,False
1321,0.0025461688164796215,-0.9259259259259259,5.684341886080802e-15,False
1322,0.0011369858584657777,6.769230769230769,5.684341886080802e-15,False
1323,0.004027252894957201,-4.69811320754717,5.684341886080802e-15,False
1324,0.0028290325662965188,-0.9310344827586207,5.684341886080802e-15,False
1325,0.0019966388208558783,3.391304347826087,5.684341886080802e-15,False
1326,0.001449084131309064,-0.9,5.684341886080802e-15,False
1327,0.001173331480458728,5.3125,5.684341886080802e-15,False
1328,0.003520784559441381,-3.8529411764705883,5.684341886080802e-15,False
1329,0.0019808363758784253,-0.9166666666666666,5.684341886080802e-15,False
1330,0.002377477723712218,-6.6,5.684341886080802e-15,False
1331,0.001986367231438635,-4.464285714285714,5.684341886080802e-15,False
1332,0.001024788503855234,6.769230769230769,5.684341886080802e-15,False
1333,0.0029491311415767996,-3.3095238095238093,5.684341886080802e-15,False
1334,0.001904589582409244,-0.9130434782608695,5.684341886080802e-15,False
1335,0.0017260219628951745,3.590909090909091,5.684341886080802e-15,False
1336,0.001668343042183551,-0.9166666666666666,5.684341886080802e-15,False
1337,0.002601872431114316,-0.9230769230769231,5.684341886080802e-15,False
1338,0.001961083320566104,-4.464285714285714,5.684341886080802e-15,False
1339,0.0019808363758784253,-0.8666666666666667,5.684341886080802e-15,False
1340,0.005801077251817333,-2.94,5.684341886080802e-15,False
1341,0.0026982673407474067,-0.9285714285714286,5.684341886080802e-15,False
1342,0.0035381672478251858,-0.9375,5.684341886080802e-15,False
1343,0.005035843894802383,-3.4871794871794872,5.684341886080802e-15,False
1344,0.0056979663040692685,-4.8431372549019605,5.684341886080802e-15,False
1345,0.004908634218736552,-3.3658536585365852,5.684341886080802e-15,False
1346,0.0022988605651335092,-0.9130434782608695,5.684341886080802e-15,False
1347,0.0020408856635185657,4.9411764705882355,5.684341886080802e-15,False
1348,0.0037629570160788717,-5.217391304347826,5.684341886080802e-15,False
1349,0.009922354689479107,-0.9393939393939394,5.684341886080802e-15,False
1350,0.0030372297696885653,5.733333333333333,5.684341886080802e-15,False
1351,0.003978660379289067,5.733333333333333,5.684341886080802e-15,False
1352,0.004180931664450327,-0.9444444444444444,5.684341886080802e-15,False
1353,0.001185183313282323,4.9411764705882355,5.684341886080802e-15,False
1354,0.0016481949260196416,-0.9130434782608695,5.684341886080802e-15,False
1355,0.003362365056091221,-0.9393939393939394,5.684341886080802e-15,False
1356,0.0020582683537213597,3.04,5.684341886080802e-15,False
1357,0.001721676291708718,3.391304347826087,5.684341886080802e-15,False
1358,0.004513968175160699,-4.129032258064516,5.684341886080802e-15,False
1359,0.002157428689315566,6.769230769230769,5.684341886080802e-15,False
1360,0.0035006364432774717,-0.9,5.684341886080802e-15,False
1361,0.006290557961619925,-8.375,5.684341886080802e-15,False
1362,0.0018974784834426828,5.733333333333333,5.684341886080802e-15,False
1363,0.0030000940241734497,4.315789473684211,5.684341886080802e-15,False
1364,0.008785368832832319,-7.125,5.684341886080802e-15,False
1365,0.0021775768072984647,4.05,5.684341886080802e-15,False
1366,0.0022810828158981167,5.3125,5.684341886080802e-15,False
1367,0.0038332778931362554,-4.592592592592593,5.684341886080802e-15,False
1368,0.0024786133672023425,-0.8888888888888888,5.684341886080802e-15,False
1369,0.0037368829835031647,-0.9230769230769231,5.684341886080802e-15,False
1370,0.0026283415263606003,6.769230769230769,5.684341886080802e-15,False
1371,0.0021601941170956707,3.8095238095238093,5.684341886080802e-15,False
1372,0.004656190172681818,-0.92,5.684341886080802e-15,False
1373,0.007242655221489258,-6.784313725490196,5.684341886080802e-15,False
1374,0.007067248090606881,-4.233333333333333,5.684341886080802e-15,False
1375,0.008547937110051862,-8.25,5.684341886080802e-15,False
1376,0.00462300503932056,-0.9230769230769231,5.684341886080802e-15,False
1377,0.004195943985905615,-0.9285714285714286,5.684341886080802e-15,False
1378,0.011959684803514392,-5.758064516129032,5.684341886080802e-15,False
1379,0.002682859958440531,5.3125,5.684341886080802e-15,False
1380,0.0030672544125991408,5.733333333333333,5.684341886080802e-15,False
1381,0.0022569840875803493,-0.9090909090909091,5.684341886080802e-15,False
1382,0.00230241611461679,6.769230769230769,5.684341886080802e-15,False
1383,0.01821666257274046,-0.9230769230769231,5.684341886080802e-15,False
1384,0.004615498877683422,4.9411764705882355,5.684341886080802e-15,False
1385,0.004526610131506459,-3.7714285714285714,5.684341886080802e-15,False
1386,0.003615994286519708,-0.9090909090909091,5.684341886080802e-15,False
1387,0.0024778232454991667,5.733333333333333,5.684341886080802e-15,False
1388,0.0033840934174804715,-0.875,5.684341886080802e-15,False
1389,0.016386739536756068,-3.425,5.684341886080802e-15,False
1390,0.0033568342005310114,4.9411764705882355,5.684341886080802e-15,False
1391,0.003158118466672022,4.611111111111111,5.684341886080802e-15,False
1392,0.0025145639265247155,5.733333333333333,5.684341886080802e-15,False
1393,0.009155541089057806,-3.2045454545454546,5.684341886080802e-15,False
1394,0.0036061177579540526,6.769230769230769,5.684341886080802e-15,False
1395,0.0021246386186248856,5.3125,5.684341886080802e-15,False
1396,0.0024916503825807013,5.733333333333333,5.684341886080802e-15,False
1397,0.002916736131737707,5.733333333333333,5.684341886080802e-15,False
1398,0.003062118617890519,4.315789473684211,5.684341886080802e-15,False
1399,0.002497971361663076,5.733333333333333,5.684341886080802e-15,False
1400,0.002102515196384047,6.214285714285714,5.684341886080802e-15,False
1401,0.009554552803820116,-10.30188679245283,5.684341886080802e-15,False
1402,0.004126808293221984,-0.9310344827586207,5.684341886080802e-15,False
1403,0.005524929540115409,-0.9428571428571428,5.684341886080802e-15,False
1404,0.0034026612902380293,-0.8888888888888888,5.684341886080802e-15,False
1405,0.002810069632687373,-0.8571428571428571,5.684341886080802e-15,False
1406,0.004364240016002441,4.315789473684211,5.684341886080802e-15,False
1407,0.005474361718370346,-3.2045454545454546,5.684341886080802e-15,False
1408,0.0038218211211642483,-0.8823529411764706,5.684341886080802e-15,False
1409,0.0051594980195659446,-3.4871794871794872,5.684341886080802e-15,False
1410,0.0030431556842813734,-11.31578947368421,5.684341886080802e-15,False
1411,0.002861427576135611,4.9411764705882355,5.684341886080802e-15,False
1412,0.0023857740070525324,-0.875,5.684341886080802e-15,False
1413,0.0029898224365751958,-0.9393939393939394,5.684341886080802e-15,False
1414,0.005800287130114157,5.733333333333333,5.684341886080802e-15,False
1415,0.010398403319413774,-2.7962962962962963,5.684341886080802e-15,False
1416,0.003088982772169402,-5.041666666666667,5.684341886080802e-15,False
1417,0.0046771284123678925,6.214285714285714,5.684341886080802e-15,False
1418,0.0022139224274724256,-0.9130434782608695,5.684341886080802e-15,False
1419,0.0018757501220534323,4.611111111111111,5.684341886080802e-15,False
1420,0.0011480475677672075,5.733333333333333,5.684341886080802e-15,False
1421,0.0013601953814941226,6.769230769230769,5.684341886080802e-15,False
1422,0.015673654243073543,-8.375,5.684341886080802e-15,False
1423,0.003940734513889765,3.8095238095238093,5.684341886080802e-15,False
1424,0.006175200118377688,4.9411764705882355,5.684341886080802e-15,False
1425,0.0015889357619016664,4.611111111111111,5.684341886080802e-15,False
1426,0.003168390054270276,-4.344827586206897,5.684341886080802e-15,False
1427,0.005073374699350097,2.0606060606060606,5.684341886080802e-15,False
1428,0.0023201938638521824,-0.92,5.684341886080802e-15,False
1429,0.002728291983657982,-0.9047619047619048,5.684341886080802e-15,False
1430,0.003913475296940305,-4.03125,5.684341886080802e-15,False
1431,0.0024758479394222377,-0.8888888888888888,5.684341886080802e-15,False
1432,0.0022557989050255856,3.391304347826087,5.684341886080802e-15,False
1433,0.0016557010876567801,5.733333333333333,5.684341886080802e-15,False
1434,0.004952090939696063,-5.454545454545454,5.684341886080802e-15,False
1435,0.0010421711922390386,5.733333333333333,5.684341886080802e-15,False
1436,0.006177570483487216,-2.979591836734694,5.684341886080802e-15,False
1437,0.002091848546115216,-0.9166666666666666,5.684341886080802e-15,False
1438,0.001161874708486721,4.9411764705882355,5.684341886080802e-15,False
1439,0.0017189108639286133,-0.9047619047619048,5.684341886080802e-15,False
1440,0.0033864637844089884,-4.464285714285714,5.684341886080802e-15,False
1441,0.0015715530716988724,6.769230769230769,5.684341886080802e-15,False
1442,0.004656585233533406,-0.9259259259259259,5.684341886080802e-15,False
1443,0.00595436096227786,-11.48936170212766,5.684341886080802e-15,False
1444,0.0018998488485522103,5.733333333333333,5.684341886080802e-15,False
1445,0.0022530334772454808,-0.9,5.684341886080802e-15,False
1446,0.0029198966203694,5.733333333333333,5.684341886080802e-15,False
1447,0.002877230021113064,-3.3095238095238093,5.684341886080802e-15,False
1448,0.0013471583642967744,4.611111111111111,5.684341886080802e-15,False
1449,0.0010453316808707314,5.733333333333333,5.684341886080802e-15,False
1450,0.0019365895313967485,-4.730769230769231,5.684341886080802e-15,False
1451,0.002221428587290575,-7.125,5.684341886080802e-15,False
1452,0.0048051282101369,-11.717391304347826,5.684341886080802e-15,False
1453,0.002433971463688067,3.04,5.684341886080802e-15,False
1454,0.0013657262370543322,-0.9,5.684341886080802e-15,False
1455,0.0013060720102657797,4.611111111111111,5.684341886080802e-15,False
1456,0.0027294771680317353,3.391304347826087,5.684341886080802e-15,False
1457,0.004090462671229034,-0.9259259259259259,5.684341886080802e-15,False
1458,0.002970464442114462,-4.464285714285714,5.684341886080802e-15,False
1459,0.0012669609604927246,4.9411764705882355,5.684341886080802e-15,False
1460,0.002727106802922208,-5.9,5.684341886080802e-15,False
1461,0.001618170283109066,3.391304347826087,5.684341886080802e-15,False
1462,0.001982021558433189,-4.464285714285714,5.684341886080802e-15,False
1463,0.0013017263390793232,-0.8947368421052632,5.684341886080802e-15,False
1464,0.007681568109546788,4.9411764705882355,5.684341886080802e-15,False
1465,0.002721575945543009,5.733333333333333,5.684341886080802e-15,False
1466,0.002510218255338259,4.9411764705882355,5.684341886080802e-15,False
1467,0.0011670105013763532,4.9411764705882355,5.684341886080802e-15,False
1468,0.005443151891086018,4.315789473684211,5.684341886080802e-15,False
1469,0.005759990897786338,-5.987341772151899,5.684341886080802e-15,False
1470,0.004936683557389188,-5.0,5.684341886080802e-15,False
1471,0.00373411755572306,-0.9230769230769231,5.684341886080802e-15,False
1472,0.0013483435486705275,4.611111111111111,5.684341886080802e-15,False
1473,0.004131944087930606,-0.9428571428571428,5.684341886080802e-15,False
1474,0.0013582200754171936,-0.9,5.684341886080802e-15,False
1475,0.0026378229922556784,-0.9259259259259259,5.684341886080802e-15,False
1476,0.006921865604454069,-5.682539682539683,5.684341886080802e-15,False
1477,0.0025599959553801455,4.9411764705882355,5.684341886080802e-15,False
1478,0.003747549633771996,-6.297297297297297,5.684341886080802e-15,False
1479,0.004126413232370396,5.3125,5.684341886080802e-15,False
1480,0.0017197009874507785,3.8095238095238093,5.684341886080802e-15,False
1481,0.0016150097944773734,6.214285714285714,5.684341886080802e-15,False
1482,0.001277232549909968,-0.8823529411764706,5.684341886080802e-15,False
1483,0.010849563102965476,-5.154929577464789,5.684341886080802e-15,False
1484,0.002527996006392641,-0.9354838709677419,5.684341886080802e-15,False
1485,0.0022158977335493546,-4.03125,5.684341886080802e-15,False
1486,0.0009781712942640297,6.214285714285714,5.684341886080802e-15,False
1487,0.0032011801267799456,-0.9375,5.684341886080802e-15,False
1488,0.0016545159051020164,-0.9,5.684341886080802e-15,False
1489,0.0023079469701769995,5.733333333333333,5.684341886080802e-15,False
1490,0.002214712550994591,-8.0,5.684341886080802e-15,False
1491,0.0016229110151471104,5.3125,5.684341886080802e-15,False
1492,0.001024393443003646,5.733333333333333,5.684341886080802e-15,False
1493,0.0011476525069156196,4.9411764705882355,5.684341886080802e-15,False
1494,0.002524440455090371,-6.764705882352941,5.684341886080802e-15,False
1495,0.00178330582275521,-0.9230769230769231,5.684341886080802e-15,False
1496,0.004090067610377446,-3.8529411764705883,5.684341886080802e-15,False
1497,0.0023004408103588503,-0.9285714285714286,5.684341886080802e-15,False
1498,0.001048887230354012,5.733333333333333,5.684341886080802e-15,False
1499,0.005544287534576142,-5.402985074626866,5.684341886080802e-15,False
1500,0.0015565407502435846,5.733333333333333,5.684341886080802e-15,False
1501,0.00500186863791896,-4.233333333333333,5.684341886080802e-15,False
1502,0.0014929359131201636,4.9411764705882355,5.684341886080802e-15,False
1503,0.0022289347489277134,-0.9,5.684341886080802e-15,False
1504,0.0032410812982561765,-0.92,5.684341886080802e-15,False
1505,0.004977769911420182,-7.555555555555555,5.684341886080802e-15,False
1506,0.00198360180365853,-0.9130434782608695,5.684341886080802e-15,False
1507,0.00208750287310977,-4.464285714285714,5.684341886080802e-15,False
1508,0.0016932318922044942,4.9411764705882355,5.684341886080802e-15,False
1509,0.003299550340670976,-3.3095238095238093,5.684341886080802e-15,False
1510,0.001869034083938459,-4.730769230769231,5.684341886080802e-15,False
1511,0.0022700211047776975,5.733333333333333,5.684341886080802e-15,False
1512,0.0014692322456539841,3.8095238095238093,5.684341886080802e-15,False
1513,0.004022117102067568,-5.355555555555555,5.684341886080802e-15,False
1514,0.0024387121957261115,3.391304347826087,5.684341886080802e-15,False
1515,0.002604637858894421,-0.9310344827586207,5.684341886080802e-15,False
1516,0.00403278375051741,-0.9487179487179487,5.684341886080802e-15,False
1517,0.001537182755782851,3.590909090909091,5.684341886080802e-15,False
1518,0.004832782486118958,-6.880597014925373,5.684341886080802e-15,False
1519,0.0014818742019997444,4.315789473684211,5.684341886080802e-15,False
1520,0.0025987119424826233,4.611111111111111,5.684341886080802e-15,False
1521,0.0037064632797410013,-0.92,5.684341886080802e-15,False
1522,0.0035061672988376813,-0.9411764705882353,5.684341886080802e-15,False
1523,0.001501627257312066,6.769230769230769,5.684341886080802e-15,False
1524,0.0021629595448757755,-0.9333333333333333,5.684341886080802e-15,False
1525,0.0014210347908374388,5.3125,5.684341886080802e-15,False
1526,0.0030597482527809916,-7.8604651162790695,5.684341886080802e-15,False
1527,0.0038087841057858896,3.04,5.684341886080802e-15,False
1528,0.001445923640858382,4.315789473684211,5.684341886080802e-15,False
1529,0.0009015294399432605,6.769230769230769,5.684341886080802e-15,False
1530,0.002536687348765554,-8.972972972972974,5.684341886080802e-15,False
1531,0.0017576268528500805,4.315789473684211,5.684341886080802e-15,False
1532,0.005879299351363443,-0.9411764705882353,5.684341886080802e-15,False
1533,0.00223683597141644,5.733333333333333,5.684341886080802e-15,False
1534,0.0019006389720743755,5.733333333333333,5.684341886080802e-15,False
1535,0.0022988605651335092,-0.8947368421052632,5.684341886080802e-15,False
1536,0.0020104659597564023,-0.9259259259259259,5.684341886080802e-15,False
1537,0.0013108127441228135,4.315789473684211,5.684341886080802e-15,False
1538,0.001380343497658032,5.733333333333333,5.684341886080802e-15,False
1539,0.0014779235898458865,4.9411764705882355,5.684341886080802e-15,False
1540,0.004048191134643275,-4.5636363636363635,5.684341886080802e-15,False
1541,0.0015075531737238634,6.214285714285714,5.684341886080802e-15,False
1542,0.0012760473673552042,5.733333333333333,5.684341886080802e-15,False
1543,0.001495701339081279,3.8095238095238093,5.684341886080802e-15,False
1544,0.002273576654260978,-0.9259259259259259,5.684341886080802e-15,False
1545,0.0048043380866147345,-4.129032258064516,5.684341886080802e-15,False
1546,0.003924932068912312,-6.267857142857143,5.684341886080802e-15,False
1547,0.0010876032192754792,5.3125,5.684341886080802e-15,False
1548,0.0016971825025393628,-0.92,5.684341886080802e-15,False
1549,0.006398014580554445,-4.379310344827586,5.684341886080802e-15,False
1550,0.002983896518344409,-4.233333333333333,5.684341886080802e-15,False
1551,0.002825872077664826,-0.9230769230769231,5.684341886080802e-15,False
1552,0.0018070094902213896,-4.88,5.684341886080802e-15,False
1553,0.0011760969082388328,4.9411764705882355,5.684341886080802e-15,False
1554,0.00138429410981189,4.9411764705882355,5.684341886080802e-15,False
1555,0.0013507139155990444,6.769230769230769,5.684341886080802e-15,False
1556,0.0041469564093858935,-0.9333333333333333,5.684341886080802e-15,False
1557,0.0027978227408311795,-0.9230769230769231,5.684341886080802e-15,False
1558,0.0034911549773823936,-7.125,5.684341886080802e-15,False
1559,0.0012697263900918188,-0.8823529411764706,5.684341886080802e-15,False
1560,0.0016537257815798512,-0.9166666666666666,5.684341886080802e-15,False
1561,0.0009904181879392127,6.214285714285714,5.684341886080802e-15,False
1562,0.002538662654842483,-0.9090909090909091,5.684341886080802e-15,False
1563,0.0016165900397027144,4.315789473684211,5.684341886080802e-15,False
1564,0.0030664642890769755,-3.255813953488372,5.684341886080802e-15,False
1565,0.0018524415172578301,-0.9230769230769231,5.684341886080802e-15,False
1566,0.0013534793415601598,-0.9,5.684341886080802e-15,False
1567,0.0010157020988117438,-0.8666666666666667,5.684341886080802e-15,False
1568,0.0017228614742634818,4.9411764705882355,5.684341886080802e-15,False
1569,0.0024501689676981186,4.315789473684211,5.684341886080802e-15,False
1570,0.0029155509491829434,-3.8529411764705883,5.684341886080802e-15,False
1571,0.0010599489432934206,6.769230769230769,5.684341886080802e-15,False
1572,0.0032841429583641,-3.3095238095238093,5.684341886080802e-15,False
1573,0.0019247376985731535,-0.9285714285714286,5.684341886080802e-15,False
1574,0.0016003925320546841,-0.9130434782608695,5.684341886080802e-15,False
1575,0.0035405376147537027,5.733333333333333,5.684341886080802e-15,False
1576,0.0013293806168803712,4.315789473684211,5.684341886080802e-15,False
1577,0.0046316963835124625,-5.558139534883721,5.684341886080802e-15,False
1578,0.0027535758963495027,-0.9428571428571428,5.684341886080802e-15,False
1579,0.0013965410034870729,4.315789473684211,5.684341886080802e-15,False
1580,0.005827151286212029,-5.666666666666667,5.684341886080802e-15,False
1581,0.0023656258927076124,6.769230769230769,5.684341886080802e-15,False
1582,0.006861816316813929,-12.93939393939394,5.684341886080802e-15,False
1583,0.007732135929472861,-0.9230769230769231,5.684341886080802e-15,False
1584,0.0014261705855460605,-0.9047619047619048,5.684341886080802e-15,False
1585,0.0016248863212240394,3.590909090909091,5.684341886080802e-15,False
1586,0.0021914039443799993,2.4827586206896552,5.684341886080802e-15,False
1587,0.001409578020684421,-0.9047619047619048,5.684341886080802e-15,False
1588,0.004285622857423732,-7.8604651162790695,5.684341886080802e-15,False
1589,0.0014289360133261653,4.05,5.684341886080802e-15,False
1590,0.003329179924548953,-9.040816326530612,5.684341886080802e-15,False
1591,0.0018208366291219136,-0.9259259259259259,5.684341886080802e-15,False
1592,0.003524735171595239,-9.040816326530612,5.684341886080802e-15,False
1593,0.0045854742365918355,3.590909090909091,5.684341886080802e-15,False
1594,0.0018164909579354571,6.769230769230769,5.684341886080802e-15,False
1595,0.0037633520769304596,-3.9393939393939394,5.684341886080802e-15,False
1596,0.0021838977827428607,3.391304347826087,5.684341886080802e-15,False
1597,0.0009406404897163156,6.769230769230769,5.684341886080802e-15,False
1598,0.0012950102991453605,5.3125,5.684341886080802e-15,False
1599,0.0020424659087439068,6.769230769230769,5.684341886080802e-15,False
1600,0.002800983227643883,4.9411764705882355,5.684341886080802e-15,False
1601,0.002631897075843881,-0.9166666666666666,5.684341886080802e-15,False
1602,0.007123346767912153,-9.6375,5.684341886080802e-15,False
1603,0.003377772440217086,4.315789473684211,5.684341886080802e-15,False
1604,0.002299255625985097,-0.9259259259259259,5.684341886080802e-15,False
1605,0.002865378188289469,-3.3658536585365852,5.684341886080802e-15,False
1606,0.001078121753380401,5.733333333333333,5.684341886080802e-15,False
1607,0.0026342674427723978,-0.9473684210526315,5.684341886080802e-15,False
1608,0.0011638500127446605,5.733333333333333,5.684341886080802e-15,False
1609,0.0032217233056144323,4.315789473684211,5.684341886080802e-15,False
1610,0.002546168814660632,4.611111111111111,5.684341886080802e-15,False
1611,0.0022795025706727756,4.315789473684211,5.684341886080802e-15,False
1612,0.0019796511933236616,-0.9166666666666666,5.684341886080802e-15,False
1613,0.0022506631084979745,-3.9393939393939394,5.684341886080802e-15,False
1614,0.0015466642234969186,-0.9130434782608695,5.684341886080802e-15,False
1615,0.00663386605992855,-3.2045454545454546,5.684341886080802e-15,False
1616,0.0024505640285497066,-0.9,5.684341886080802e-15,False
1617,0.0023751073586026905,4.05,5.684341886080802e-15,False
1618,0.002262514943140559,-7.125,5.684341886080802e-15,False
1619,0.001157924096332863,5.3125,5.684341886080802e-15,False
1620,0.0038309075262077386,-0.9428571428571428,5.684341886080802e-15,False
1621,0.004481178102651029,-9.565217391304348,5.684341886080802e-15,False
1622,0.0013629608092742274,-0.8888888888888888,5.684341886080802e-15,False
1623,0.0010188625874434365,5.733333333333333,5.684341886080802e-15,False
1624,0.002120292947438429,-0.9259259259259259,5.684341886080802e-15,False
1625,0.0012361461958789732,5.3125,5.684341886080802e-15,False
1626,0.0049493255119159585,4.9411764705882355,5.684341886080802e-15,False
1627,0.001982416619284777,-5.217391304347826,5.684341886080802e-15,False
1628,0.0011847882524307352,6.769230769230769,5.684341886080802e-15,False
1629,0.005166214057680918,-7.145833333333333,5.684341886080802e-15,False
1630,0.00413668481996865,-0.9166666666666666,5.684341886080802e-15,False
1631,0.00355554993802798,-3.9393939393939394,5.684341886080802e-15,False
1632,0.003989327029557899,-0.9473684210526315,5.684341886080802e-15,False
1633,0.0019377747157705016,4.611111111111111,5.684341886080802e-15,False
1634,0.002117132456987747,-0.92,5.684341886080802e-15,False
1635,0.002640983480887371,6.214285714285714,5.684341886080802e-15,False
1636,0.004570066850646981,-8.035714285714286,5.684341886080802e-15,False
1637,0.002960587915367796,-0.9259259259259259,5.684341886080802e-15,False
1638,0.002272391469887225,-0.9393939393939394,5.684341886080802e-15,False
1639,0.0013534793433791492,-0.9,5.684341886080802e-15,False
1640,0.003461920456174994,-0.9130434782608695,5.684341886080802e-15,False
1641,0.006799396662245272,-5.690476190476191,5.684341886080802e-15,False
1642,0.0027677980942826252,-3.6216216216216215,5.684341886080802e-15,False
1643,0.0031612789553037146,-6.444444444444445,5.684341886080802e-15,False
1644,0.003209081349268672,4.9411764705882355,5.684341886080802e-15,False
1645,0.001064689675331465,5.733333333333333,5.684341886080802e-15,False
1646,0.0016098739997687517,-0.9166666666666666,5.684341886080802e-15,False
1647,0.0030388100112759275,-6.0256410256410255,5.684341886080802e-15,False
1648,0.0018741698786470806,4.9411764705882355,5.684341886080802e-15,False
1649,0.006242755567654967,-4.233333333333333,5.684341886080802e-15,False
1650,0.0027456746738607762,4.9411764705882355,5.684341886080802e-15,False
1651,0.00579238590944442,-3.0638297872340425,5.684341886080802e-15,False
1652,0.004579153257509461,-3.7714285714285714,5.684341886080802e-15,False
1653,0.0019768857655435568,4.611111111111111,5.684341886080802e-15,False
1654,0.0016221208934439346,6.769230769230769,5.684341886080802e-15,False
1655,0.0011275043907517102,5.3125,5.684341886080802e-15,False
1656,0.001012541610180051,5.733333333333333,5.684341886080802e-15,False
1657,0.0015502197711612098,6.769230769230769,5.684341886080802e-15,False
1658,0.004009475145721808,-0.9375,5.684341886080802e-15,False
1659,0.009317911200923845,-5.836065573770492,5.684341886080802e-15,False
1660,0.003979845561843831,-0.9428571428571428,5.684341886080802e-15,False
1661,0.000892047972229193,6.769230769230769,5.684341886080802e-15,False
1662,0.0031593036492267856,-0.9230769230769231,5.684341886080802e-15,False
1663,0.003339451513966196,-6.6,5.684341886080802e-15,False
1664,0.002144786734788795,-0.9,5.684341886080802e-15,False
1665,0.0015194050065474585,4.315789473684211,5.684341886080802e-15,False
1666,0.002998908841618686,-0.9285714285714286,5.684341886080802e-15,False
1667,0.008324727585204528,-8.789473684210526,5.684341886080802e-15,False
1668,0.0016833553654578282,-0.9,5.684341886080802e-15,False
1669,0.0036977719337301096,-11.962962962962964,5.684341886080802e-15,False
1670,0.0009453812235733494,6.769230769230769,5.684341886080802e-15,False
1671,0.002371156748267822,3.590909090909091,5.684341886080802e-15,False
1672,0.004080981205333956,-3.0638297872340425,5.684341886080802e-15,False
1673,0.0010658748597052181,5.733333333333333,5.684341886080802e-15,False
1674,0.003509327787469374,-0.9428571428571428,5.684341886080802e-15,False
1675,0.003181822132319212,-6.157894736842105,5.684341886080802e-15,False
1676,0.0012499733329605078,5.733333333333333,5.684341886080802e-15,False
1677,0.0027377734513720497,4.05,5.684341886080802e-15,False
1678,0.0010081959371746052,6.769230769230769,5.684341886080802e-15,False
1679,0.0016244912603724515,4.315789473684211,5.684341886080802e-15,False
1680,0.0032576738649368053,-3.8529411764705883,5.684341886080802e-15,False
1681,0.0017110096414398868,6.769230769230769,5.684341886080802e-15,False
1682,0.001525725983810844,4.315789473684211,5.684341886080802e-15,False
1683,0.0015782691098138457,4.9411764705882355,5.684341886080802e-15,False
1684,0.0024391072565776994,4.9411764705882355,5.684341886080802e-15,False
1685,0.003380932928848779,-9.428571428571429,5.684341886080802e-15,False
1686,0.0041706600750330836,-3.9393939393939394,5.684341886080802e-15,False
1687,0.0025761934612091864,-3.9393939393939394,5.684341886080802e-15,False
1688,0.0011527883016242413,4.9411764705882355,5.684341886080802e-15,False
1689,0.0014190594865794992,5.733333333333333,5.684341886080802e-15,False
1690,0.0038143149595271097,-6.6,5.684341886080802e-15,False
1691,0.0014352569905895507,-0.9047619047619048,5.684341886080802e-15,False
1692,0.0013214793925726553,-0.8947368421052632,5.684341886080802e-15,False
1693,0.0009501219537924044,-0.8571428571428571,5.684341886080802e-15,False
1694,0.00127328193775611,4.315789473684211,5.684341886080802e-15,False
1695,0.0015138741509872489,-5.409090909090909,5.684341886080802e-15,False
1696,0.0029653286474058405,-8.023809523809524,5.684341886080802e-15,False
1697,0.0038044384309614543,-9.194444444444445,5.684341886080802e-15,False
1698,0.0012037511842208914,6.769230769230769,5.684341886080802e-15,False
1699,0.0009690848874015501,6.214285714285714,5.684341886080802e-15,False
1700,0.006074459537558141,-7.061538461538461,5.684341886080802e-15,False
1701,0.004859251579546253,-0.9285714285714286,5.684341886080802e-15,False
1702,0.002012441264014342,-0.9230769230769231,5.684341886080802e-15,False
1703,0.001157529035481275,4.9411764705882355,5.684341886080802e-15,False
1704,0.0012827634054701775,4.315789473684211,5.684341886080802e-15,False
1705,0.0017935774121724535,-0.92,5.684341886080802e-15,False
1706,0.001397726187860826,4.315789473684211,5.684341886080802e-15,False
1707,0.0011614796458161436,4.9411764705882355,5.684341886080802e-15,False
1708,0.0018741698768280912,-0.9259259259259259,5.684341886080802e-15,False
1709,0.005600386211881414,-5.758064516129032,5.684341886080802e-15,False
1710,0.0014356520514411386,-0.9,5.684341886080802e-15,False
1711,0.0014802939567744033,3.8095238095238093,5.684341886080802e-15,False
1712,0.002507847888409742,-6.297297297297297,5.684341886080802e-15,False
1713,0.001447898946935311,-0.8947368421052632,5.684341886080802e-15,False
1714,0.002051947374638985,3.8095238095238093,5.684341886080802e-15,False
1715,0.005649768849252723,-5.666666666666667,5.684341886080802e-15,False
1716,0.0019101204379694536,3.391304347826087,5.684341886080802e-15,False
1717,0.001830713157687569,4.9411764705882355,5.684341886080802e-15,False
1718,0.0014640964509453624,4.611111111111111,5.684341886080802e-15,False
1719,0.004178166236670222,-7.276595744680851,5.684341886080802e-15,False
1720,0.003658660885776044,4.315789473684211,5.684341886080802e-15,False
1721,0.001421429853508016,6.769230769230769,5.684341886080802e-15,False
1722,0.003722265722899465,-3.0638297872340425,5.684341886080802e-15,False
1723,0.0021277991072565783,-0.9310344827586207,5.684341886080802e-15,False
1724,0.009449466548176133,-5.154929577464789,5.684341886080802e-15,False
1725,0.0027464647973829415,-3.3658536585365852,5.684341886080802e-15,False
1726,0.005639497261654469,-9.426829268292684,5.684341886080802e-15,False
1727,0.0024770331219770014,2.8846153846153846,5.684341886080802e-15,False
1728,0.005219547307206085,-6.0,5.684341886080802e-15,False
1729,0.0016418739487562561,-0.9166666666666666,5.684341886080802e-15,False
1730,0.0010429613157612039,5.733333333333333,5.684341886080802e-15,False
1731,0.0017844910071289632,-0.9230769230769231,5.684341886080802e-15,False
1732,0.0017145651909231674,3.391304347826087,5.684341886080802e-15,False
1733,0.002143206489563454,-4.03125,5.684341886080802e-15,False
1734,0.0015438987957168138,4.315789473684211,5.684341886080802e-15,False
1735,0.0017864663113869028,3.8095238095238093,5.684341886080802e-15,False
1736,0.0031735258489788976,-6.9393939393939394,5.684341886080802e-15,False
1737,0.0017564416702953167,3.391304347826087,5.684341886080802e-15,False
1738,0.0013997014921187656,4.315789473684211,5.684341886080802e-15,False
1739,0.0067227548079245025,-6.184210526315789,5.684341886080802e-15,False
1740,0.0031715505429019686,-3.3095238095238093,5.684341886080802e-15,False
1741,0.0010413810705358628,5.733333333333333,5.684341886080802e-15,False
1742,0.001969379603906418,-8.25925925925926,5.684341886080802e-15,False
1743,0.0021720459499192657,-0.9375,5.684341886080802e-15,False
1744,0.0016861207914189436,3.391304347826087,5.684341886080802e-15,False
1745,0.0013507139155990444,-0.8888888888888888,5.684341886080802e-15,False
1746,0.0021191077612456866,-0.8888888888888888,5.684341886080802e-15,False
1747,0.002062614024907816,3.04,5.684341886080802e-15,False
1748,0.0012223190551594598,-0.875,5.684341886080802e-15,False
1749,0.0014194545456120977,4.9411764705882355,5.684341886080802e-15,False
1750,0.0010591588197712554,6.214285714285714,5.684341886080802e-15,False
1751,0.0014482940077868989,4.9411764705882355,5.684341886080802e-15,False
1752,0.008926800708650262,-9.325301204819278,5.684341886080802e-15,False
1753,0.0020645893291657558,-4.464285714285714,5.684341886080802e-15,False
1754,0.001264985656234785,4.9411764705882355,5.684341886080802e-15,False
1755,0.0027918968226003926,-0.9047619047619048,5.684341886080802e-15,False
1756,0.0010137267927348148,6.769230769230769,5.684341886080802e-15,False
1757,0.0014554051067534601,-0.9047619047619048,5.684341886080802e-15,False
1758,0.0010492822930245893,5.733333333333333,5.684341886080802e-15,False
1759,0.003497871015497367,-4.129032258064516,5.684341886080802e-15,False
1760,0.001354664525933913,4.9411764705882355,5.684341886080802e-15,False
1761,0.0021353052670747275,4.9411764705882355,5.684341886080802e-15,False
1762,0.0036890805895382073,-4.464285714285714,5.684341886080802e-15,False
1763,0.0040280430166603765,-5.260869565217392,5.684341886080802e-15,False
1764,0.003196044332071324,3.391304347826087,5.684341886080802e-15,False
1765,0.0017110096432588762,-0.9130434782608695,5.684341886080802e-15,False
1766,0.003145081451293663,3.04,5.684341886080802e-15,False
1767,0.004668042005505413,-3.425,5.684341886080802e-15,False
1768,0.0013669114214280853,-0.8823529411764706,5.684341886080802e-15,False
1769,0.008518702587025473,-9.338028169014084,5.684341886080802e-15,False
1770,0.0010540230250626337,6.769230769230769,5.684341886080802e-15,False
1771,0.0013380719592532841,4.9411764705882355,5.684341886080802e-15,False
1772,0.0022348606671585003,-0.9230769230769231,5.684341886080802e-15,False
1773,0.002100539890307118,2.8846153846153846,5.684341886080802e-15,False
1774,0.0012361461940599838,5.733333333333333,5.684341886080802e-15,False
1775,0.0022700211047776975,5.733333333333333,5.684341886080802e-15,False
1776,0.003447698256422882,-0.9354838709677419,5.684341886080802e-15,False
1777,0.003679994184494717,-2.94,5.684341886080802e-15,False
1778,0.001134220430685673,6.214285714285714,5.684341886080802e-15,False
1779,0.003946265369449975,-0.92,5.684341886080802e-15,False
1780,0.002810069632687373,-0.9333333333333333,5.684341886080802e-15,False
1781,0.002238416216641781,-3.9393939393939394,5.684341886080802e-15,False
1782,0.0012302202794671757,-0.8888888888888888,5.684341886080802e-15,False
1783,0.003043155686100363,-0.9459459459459459,5.684341886080802e-15,False
1784,0.0029878471286792774,3.04,5.684341886080802e-15,False
1785,0.00475772087702353,-5.355555555555555,5.684341886080802e-15,False
1786,0.002222613771664328,-0.9354838709677419,5.684341886080802e-15,False
1787,0.0014909606070432346,3.590909090909091,5.684341886080802e-15,False
1788,0.0011140723145217635,5.3125,5.684341886080802e-15,False
1789,0.0008873072401911486,6.769230769230769,5.684341886080802e-15,False
1790,0.0020622189640562283,3.2083333333333335,5.684341886080802e-15,False
1791,0.009375985184306046,-4.8431372549019605,5.684341886080802e-15,False
1792,0.0015340222671511583,6.769230769230769,5.684341886080802e-15,False
1793,0.001814910712710116,5.733333333333333,5.684341886080802e-15,False
1794,0.0021021201355324592,-0.9047619047619048,5.684341886080802e-15,False
1795,0.004179746481895563,-4.592592592592593,5.684341886080802e-15,False
1796,0.0021910088835284114,4.9411764705882355,5.684341886080802e-15,False
1797,0.0016027629008021904,6.769230769230769,5.684341886080802e-15,False
1798,0.0011243439021200174,-0.875,5.684341886080802e-15,False
1799,0.0027689832786563784,-8.195121951219512,5.684341886080802e-15,False
1800,0.0009513071381661575,6.214285714285714,5.684341886080802e-15,False
1801,0.002470317083862028,-4.730769230769231,5.684341886080802e-15,False
1802,0.002627156341986847,-5.619047619047619,5.684341886080802e-15,False
1803,0.003401476105864276,-3.6944444444444446,5.684341886080802e-15,False
1804,0.0010275539316353388,5.733333333333333,5.684341886080802e-15,False
1805,0.0010844427306437865,-0.875,5.684341886080802e-15,False
1806,0.0021886385165998945,-4.730769230769231,5.684341886080802e-15,False
1807,0.004022117100248579,-5.0,5.684341886080802e-15,False
1808,0.00414221567552886,-7.413043478260869,5.684341886080802e-15,False
1809,0.0016071085719886469,5.733333333333333,5.684341886080802e-15,False
1810,0.0011946647791774012,4.9411764705882355,5.684341886080802e-15,False
1811,0.003261229414420086,-7.145833333333333,5.684341886080802e-15,False
1812,0.0019342191644682316,4.315789473684211,5.684341886080802e-15,False
1813,0.0030210322638595244,-0.9310344827586207,5.684341886080802e-15,False
1814,0.0018216267508250894,4.315789473684211,5.684341886080802e-15,False
1815,0.0012017758799629519,-0.875,5.684341886080802e-15,False
1816,0.006737372070347192,-8.688311688311689,5.684341886080802e-15,False
1817,0.001588540699231089,5.733333333333333,5.684341886080802e-15,False
1818,0.003660241131001385,-0.9259259259259259,5.684341886080802e-15,False
1819,0.00202192272990942,-0.9310344827586207,5.684341886080802e-15,False
1820,0.0020728856143250596,-4.344827586206897,5.684341886080802e-15,False
1821,0.00092167755610717,6.769230769230769,5.684341886080802e-15,False
1822,0.0018816760384652298,-0.9285714285714286,5.684341886080802e-15,False
1823,0.002974019993416732,-6.297297297297297,5.684341886080802e-15,False
1824,0.003954956713641877,-5.170212765957447,5.684341886080802e-15,False
1825,0.002142811428711866,-0.8888888888888888,5.684341886080802e-15,False
1826,0.0021720459499192657,-0.9375,5.684341886080802e-15,False
1827,0.0009714552561490564,6.769230769230769,5.684341886080802e-15,False
1828,0.001022813197778305,5.733333333333333,5.684341886080802e-15,False
1829,0.0010540230250626337,5.733333333333333,5.684341886080802e-15,False
1830,0.001147652508734609,6.214285714285714,5.684341886080802e-15,False
1831,0.001761182402333361,2.8846153846153846,5.684341886080802e-15,False
1832,0.001459750779758906,3.8095238095238093,5.684341886080802e-15,False
1833,0.0016853306697157677,5.3125,5.684341886080802e-15,False
1834,0.0012045413059240673,5.733333333333333,5.684341886080802e-15,False
1835,0.0017011331146932207,-0.9130434782608695,5.684341886080802e-15,False
1836,0.0010334798480471363,5.733333333333333,5.684341886080802e-15,False
1837,0.0032647849639033666,-0.9130434782608695,5.684341886080802e-15,False
1838,0.0010706155917432625,6.214285714285714,5.684341886080802e-15,False
1839,0.0012894794435851509,4.611111111111111,5.684341886080802e-15,False
1840,0.002512193561415188,-0.9047619047619048,5.684341886080802e-15,False
1841,0.01045371187501587,-7.7534246575342465,5.684341886080802e-15,False
1842,0.0030751556350878673,-3.5526315789473686,5.684341886080802e-15,False
1843,0.0009165417613985483,6.769230769230769,5.684341886080802e-15,False
1844,0.004632881567886216,-0.9333333333333333,5.684341886080802e-15,False
1845,0.0043057709735876415,-3.1555555555555554,5.684341886080802e-15,False
1846,0.0015695777656219434,4.9411764705882355,5.684341886080802e-15,False
1847,0.005448287685794639,-7.253968253968254,5.684341886080802e-15,False
1848,0.001578664172484423,5.733333333333333,5.684341886080802e-15,False
1849,0.001513479090135661,-0.875,5.684341886080802e-15,False
1850,0.0013033065824856749,4.315789473684211,5.684341886080802e-15,False
1851,0.0028211313456267817,-6.297297297297297,5.684341886080802e-15,False
1852,0.001342812693110318,4.315789473684211,5.684341886080802e-15,False
1853,0.0021436015522340313,-4.03125,5.684341886080802e-15,False
1854,0.0011496278129925486,-6.705882352941177,5.684341886080802e-15,False
1855,0.0022779223254474346,-5.217391304347826,5.684341886080802e-15,False
1856,0.002512588622266776,-0.92,5.684341886080802e-15,False
1857,0.002608193410196691,-0.9428571428571428,5.684341886080802e-15,False
1858,0.0022439470722019905,-0.9259259259259259,5.684341886080802e-15,False
1859,0.002103700378938811,6.769230769230769,5.684341886080802e-15,False
1860,0.00672314987059508,-3.1555555555555554,5.684341886080802e-15,False
1861,0.0010093811215483584,6.769230769230769,5.684341886080802e-15,False
1862,0.0022435520113504026,6.769230769230769,5.684341886080802e-15,False
1863,0.0010599489414744312,5.733333333333333,5.684341886080802e-15,False
1864,0.001014911977108568,5.733333333333333,5.684341886080802e-15,False
1865,0.0011113068849226693,5.3125,5.684341886080802e-15,False
1866,0.0009161467005469603,6.769230769230769,5.684341886080802e-15,False
1867,0.0017576268528500805,3.8095238095238093,5.684341886080802e-15,False
1868,0.005129078313984792,-5.355555555555555,5.684341886080802e-15,False
1869,0.0049232514793402515,-12.44927536231884,5.684341886080802e-15,False
1870,0.001153973484179005,4.9411764705882355,5.684341886080802e-15,False
1871,0.001182022822831641,5.733333333333333,5.684341886080802e-15,False
1872,0.0010192576482950244,5.733333333333333,5.684341886080802e-15,False
1873,0.0009145664553216193,6.769230769230769,5.684341886080802e-15,False
1874,0.0037673026890843175,-0.9393939393939394,5.684341886080802e-15,False
1875,0.0028452300721255597,-6.6,5.684341886080802e-15,False
1876,0.0020329844410298392,-7.533333333333333,5.684341886080802e-15,False
1877,0.0020009844920423348,-0.9259259259259259,5.684341886080802e-15,False
1878,0.002380243151492323,6.769230769230769,5.684341886080802e-15,False
1879,0.007120581340132048,-3.2045454545454546,5.684341886080802e-15,False
1880,0.0017193059247802012,5.733333333333333,5.684341886080802e-15,False
1881,0.002142811428711866,5.733333333333333,5.684341886080802e-15,False
1882,0.0017572317919984926,5.733333333333333,5.684341886080802e-15,False
1883,0.0013973311251902487,4.9411764705882355,5.684341886080802e-15,False
1884,0.0013210843317210674,5.733333333333333,5.684341886080802e-15,False
1885,0.0024829590402077883,6.769230769230769,5.684341886080802e-15,False
1886,0.0030166865908540785,-0.9047619047619048,5.684341886080802e-15,False
1887,0.0014810840784775792,4.9411764705882355,5.684341886080802e-15,False
1888,0.0010757513864518842,6.769230769230769,5.684341886080802e-15,False
1889,0.0021274040464049904,-0.9230769230769231,5.684341886080802e-15,False
1890,0.0025200947839039145,-0.92,5.684341886080802e-15,False
1891,0.0025738230942806695,5.733333333333333,5.684341886080802e-15,False
1892,0.001699947932138457,-0.9,5.684341886080802e-15,False
1893,0.001998614125113818,-9.166666666666666,5.684341886080802e-15,False
1894,0.0032383158704760717,-3.6944444444444446,5.684341886080802e-15,False
1895,0.0039403394530381775,-8.375,5.684341886080802e-15,False
1896,0.002880390509744757,6.769230769230769,5.684341886080802e-15,False
1897,0.0017694786856736755,-5.619047619047619,5.684341886080802e-15,False
1898,0.001906959949337761,4.9411764705882355,5.684341886080802e-15,False
1899,0.0017710589290800272,-0.92,5.684341886080802e-15,False
1900,0.0020412807243701536,-0.92,5.684341886080802e-15,False
1901,0.0016003925320546841,-0.9047619047619048,5.684341886080802e-15,False
1902,0.0017801453359425068,4.315789473684211,5.684341886080802e-15,False
1903,0.0032015751876315335,5.733333333333333,5.684341886080802e-15,False
1904,0.004205425453619682,-3.4871794871794872,5.684341886080802e-15,False
1905,0.001096294565286371,5.733333333333333,5.684341886080802e-15,False
1906,0.002130564535036683,-0.9310344827586207,5.684341886080802e-15,False
1907,0.0020203424865030684,-0.9,5.684341886080802e-15,False
1908,0.0019255278202763293,-0.9090909090909091,5.684341886080802e-15,False
1909,0.0033580193849047646,3.391304347826087,5.684341886080802e-15,False
1910,0.0014028619807504583,4.9411764705882355,5.684341886080802e-15,False
1911,0.0012061215511494083,6.769230769230769,5.684341886080802e-15,False
1912,0.0016762442646722775,-0.9166666666666666,5.684341886080802e-15,False
1913,0.0015518000163865509,4.315789473684211,5.684341886080802e-15,False
1914,0.0011551586685527582,6.769230769230769,5.684341886080802e-15,False
1915,0.006733026397341746,-7.253968253968254,5.684341886080802e-15,False
1916,0.0019800462541752495,4.05,5.684341886080802e-15,False
1917,0.0018915525670308853,-0.9259259259259259,5.684341886080802e-15,False
1918,0.0013700719082407886,-0.9,5.684341886080802e-15,False
1919,0.0017426145295758033,5.733333333333333,5.684341886080802e-15,False
1920,0.0015039976242405828,-0.8947368421052632,5.684341886080802e-15,False
1921,0.001761182402333361,-0.9230769230769231,5.684341886080802e-15,False
1922,0.003941919696444529,-7.758620689655173,5.684341886080802e-15,False
1923,0.0017840959462773753,-0.9230769230769231,5.684341886080802e-15,False
1924,0.0026212304255750496,-0.8947368421052632,5.684341886080802e-15,False
1925,0.005688089775503613,-0.9459459459459459,5.684341886080802e-15,False
1926,0.001640688764382503,5.733333333333333,5.684341886080802e-15,False
1927,0.002652835313710966,5.733333333333333,5.684341886080802e-15,False
1928,0.0015691827065893449,5.733333333333333,5.684341886080802e-15,False
1929,0.0037155496847844915,-3.8529411764705883,5.684341886080802e-15,False
1930,0.0019670092369779013,6.214285714285714,5.684341886080802e-15,False
1931,0.001001084838208044,6.214285714285714,5.684341886080802e-15,False
1932,0.0016225159542955225,4.315789473684211,5.684341886080802e-15,False
1933,0.0023099222762539284,4.9411764705882355,5.684341886080802e-15,False
1934,0.001948441366039333,2.8846153846153846,5.684341886080802e-15,False
1935,0.0023174284360720776,-0.9393939393939394,5.684341886080802e-15,False
1936,0.0009998996556532802,6.214285714285714,5.684341886080802e-15,False
1937,0.001211652406709618,5.3125,5.684341886080802e-15,False
1938,0.0011034056624339428,5.3125,5.684341886080802e-15,False
1939,0.0009082454780582339,6.769230769230769,5.684341886080802e-15,False
1940,0.0018883920783991925,-0.9166666666666666,5.684341886080802e-15,False
1941,0.003721870662047877,-3.8529411764705883,5.684341886080802e-15,False
1942,0.002249082866910612,4.9411764705882355,5.684341886080802e-15,False
1943,0.002939254613011144,-4.464285714285714,5.684341886080802e-15,False
1944,0.0026401933591841953,-0.9393939393939394,5.684341886080802e-15,False
1945,0.0012025659998471383,5.3125,5.684341886080802e-15,False
1946,0.003316142909170594,3.391304347826087,5.684341886080802e-15,False
1947,0.0039778702575858915,-4.730769230769231,5.684341886080802e-15,False
1948,0.002931353392341407,-3.6944444444444446,5.684341886080802e-15,False
1949,0.0046870049391145585,-7.020408163265306,5.684341886080802e-15,False
1950,0.0012815782210964244,4.611111111111111,5.684341886080802e-15,False
1951,0.002185082967116614,6.769230769230769,5.684341886080802e-15,False
1952,0.002546168814660632,4.9411764705882355,5.684341886080802e-15,False
1953,0.0010710106525948504,5.733333333333333,5.684341886080802e-15,False
1954,0.0014115533249423606,-6.388888888888889,5.684341886080802e-15,False
1955,0.0010753563256002963,5.733333333333333,5.684341886080802e-15,False
1956,0.0022309100550046423,-4.129032258064516,5.684341886080802e-15,False
1957,0.002027058526437031,-0.9310344827586207,5.684341886080802e-15,False
1958,0.011877512095452403,-5.746987951807229,5.684341886080802e-15,False
1959,0.003126118515865528,-8.195121951219512,5.684341886080802e-15,False
1960,0.0017655280735198176,-0.9,5.684341886080802e-15,False
1961,0.005853225318787736,-0.9411764705882353,5.684341886080802e-15,False
1962,0.0020468115799303632,-0.9090909090909091,5.684341886080802e-15,False
1963,0.002734217901888769,-5.9,5.684341886080802e-15,False
1964,0.002827847383741755,-0.9375,5.684341886080802e-15,False
1965,0.00534794216582668,-4.5,5.684341886080802e-15,False
1966,0.002576983582912362,-4.03125,5.684341886080802e-15,False
1967,0.0010710106544138398,5.733333333333333,5.684341886080802e-15,False
1968,0.0024829590402077883,-3.6944444444444446,5.684341886080802e-15,False
1969,0.01084521742996003,-6.869047619047619,5.684341886080802e-15,False
1970,0.0014107632032391848,-0.8571428571428571,5.684341886080802e-15,False
1971,0.005718114420233178,-6.086206896551724,5.684341886080802e-15,False
1972,0.0071320381121040555,-2.94,5.684341886080802e-15,False
1973,0.003262414598793839,-4.344827586206897,5.684341886080802e-15,False
1974,0.00328967381392431,3.2083333333333335,5.684341886080802e-15,False
1975,0.0028740695324813714,-0.92,5.684341886080802e-15,False
1976,0.0024114529787766514,4.9411764705882355,5.684341886080802e-15,False
1977,0.001171356174381799,4.9411764705882355,5.684341886080802e-15,False
1978,0.0021376756340032443,5.733333333333333,5.684341886080802e-15,False
1979,0.0019456759382592281,-0.8571428571428571,5.684341886080802e-15,False
1980,0.005291843488521408,-2.830188679245283,5.684341886080802e-15,False
1981,0.0030518470284732757,-0.8947368421052632,5.684341886080802e-15,False
1982,0.0016063184484664816,-0.9130434782608695,5.684341886080802e-15,False
1983,0.001407602714607492,4.9411764705882355,5.684341886080802e-15,False
1984,0.0011674055622279411,-0.875,5.684341886080802e-15,False
1985,0.001527306229036185,5.733333333333333,5.684341886080802e-15,False
1986,0.0020420708460733294,-0.8571428571428571,5.684341886080802e-15,False
1987,0.004667251883802237,5.733333333333333,5.684341886080802e-15,False
1988,0.005391003827753593,-6.566037735849057,5.684341886080802e-15,False
1989,0.0016501702320965705,6.214285714285714,5.684341886080802e-15,False
1990,0.0035322413314133883,-3.8529411764705883,5.684341886080802e-15,False
1991,0.0076479879153339425,-3.1555555555555554,5.684341886080802e-15,False
1992,0.0022976753825787455,4.9411764705882355,5.684341886080802e-15,False
1993,0.0017252318411919987,4.9411764705882355,5.684341886080802e-15,False
1994,0.002209181693615392,6.214285714285714,5.684341886080802e-15,False
1995,0.005715744053304661,-6.297297297297297,5.684341886080802e-15,False
1996,0.003316142909170594,3.2083333333333335,5.684341886080802e-15,False
1997,0.002550909548517666,4.611111111111111,5.684341886080802e-15,False
1998,0.002511008377041435,4.611111111111111,5.684341886080802e-15,False
1999,0.0035820190314552747,5.733333333333333,5.684341886080802e-15,False
2000,0.002433181340165902,6.214285714285714,5.684341886080802e-15,False
2001,0.002243552009531413,5.733333333333333,5.684341886080802e-15,False
2002,0.005521373990632128,-8.195121951219512,5.684341886080802e-15,False
2003,0.001981626497581601,-0.9090909090909091,5.684341886080802e-15,False
2004,0.00260108230941114,-0.8823529411764706,5.684341886080802e-15,False
2005,0.002183502721891273,-0.875,5.684341886080802e-15,False
2006,0.002690761179110268,4.611111111111111,5.684341886080802e-15,False
2007,0.008995146279630717,-3.255813953488372,5.684341886080802e-15,False
2008,0.005915644973356393,-7.020408163265306,5.684341886080802e-15,False
2009,0.0011113068849226693,5.3125,5.684341886080802e-15,False
2010,0.0010591588197712554,5.733333333333333,5.684341886080802e-15,False
2011,0.0023482432025048183,3.2083333333333335,5.684341886080802e-15,False
2012,0.0031972295146260876,5.733333333333333,5.684341886080802e-15,False
2013,0.010688773232686799,-8.247706422018348,5.684341886080802e-15,False
2014,0.007548037454398582,-6.0256410256410255,5.684341886080802e-15,False
2015,0.0012156030188634759,5.733333333333333,5.684341886080802e-15,False
2016,0.0017422194687242154,5.733333333333333,5.684341886080802e-15,False
2017,0.0018062193685182137,6.769230769230769,5.684341886080802e-15,False
2018,0.001459355718907318,4.9411764705882355,5.684341886080802e-15,False
2019,0.0010670600422599819,5.733333333333333,5.684341886080802e-15,False
2020,0.002712884603170096,5.733333333333333,5.684341886080802e-15,False
2021,0.0010540230250626337,5.733333333333333,5.684341886080802e-15,False
2022,0.0029017238102824194,-0.9411764705882353,5.684341886080802e-15,False
2023,0.0027397487574489787,-3.5526315789473686,5.684341886080802e-15,False
2024,0.001529281535113114,5.733333333333333,5.684341886080802e-15,False
2025,0.002738563574894215,4.9411764705882355,5.684341886080802e-15,False
2026,0.0015126889666134957,3.8095238095238093,5.684341886080802e-15,False
2027,0.0017623675867071142,-0.92,5.684341886080802e-15,False
2028,0.0012965905443707015,4.315789473684211,5.684341886080802e-15,False
2029,0.0015545654441666557,-0.9130434782608695,5.684341886080802e-15,False
2030,0.0023589098527736496,-0.9375,5.684341886080802e-15,False
2031,0.0045021163423371036,-8.195121951219512,5.684341886080802e-15,False
2032,0.0021380706948548323,-0.9230769230769231,5.684341886080802e-15,False
2033,0.0010322946636733832,5.733333333333333,5.684341886080802e-15,False
2034,0.0019456759382592281,2.4827586206896552,5.684341886080802e-15,False
2035,0.003824191488092765,-6.0256410256410255,5.684341886080802e-15,False
2036,0.0020574782301991945,4.9411764705882355,5.684341886080802e-15,False
2037,0.0038846358365844935,-0.9047619047619048,5.684341886080802e-15,False
2038,0.0021222682516963687,5.733333333333333,5.684341886080802e-15,False
2039,0.0015798493550391868,4.9411764705882355,5.684341886080802e-15,False
2040,0.0022652803709206637,-3.9393939393939394,5.684341886080802e-15,False
2041,0.0028179708551760996,-6.444444444444445,5.684341886080802e-15,False
2042,0.004610363084793789,-0.9310344827586207,5.684341886080802e-15,False
2043,0.0030364396461664,-5.409090909090909,5.684341886080802e-15,False
2044,0.0028159955490991706,4.9411764705882355,5.684341886080802e-15,False
2045,0.0033366860861860914,-4.344827586206897,5.684341886080802e-15,False
2046,0.004251647602359299,-4.464285714285714,5.684341886080802e-15,False
2047,0.003770858238567598,-8.25925925925926,5.684341886080802e-15,False
2048,0.0020515523119684076,5.733333333333333,5.684341886080802e-15,False
2049,0.005170954791537952,-0.9259259259259259,5.684341886080802e-15,False
2050,0.0066551993586472236,-2.94,5.684341886080802e-15,False
2051,0.004152092204094515,-4.233333333333333,5.684341886080802e-15,False
2052,0.0038617222926404793,4.9411764705882355,5.684341886080802e-15,False
2053,0.0025809341932472307,4.315789473684211,5.684341886080802e-15,False
2054,0.002261724821437383,4.05,5.684341886080802e-15,False
2055,0.0018342687071708497,5.733333333333333,5.684341886080802e-15,False
2056,0.0021250336794764735,-0.9090909090909091,5.684341886080802e-15,False
2057,0.0035275005975563545,-0.9,5.684341886080802e-15,False
2058,0.003459945150098065,3.2083333333333335,5.684341886080802e-15,False
2059,0.0023636505866306834,4.9411764705882355,5.684341886080802e-15,False
2060,0.0021345151453715516,-0.8571428571428571,5.684341886080802e-15,False
2061,0.0019456759382592281,6.769230769230769,5.684341886080802e-15,False
2062,0.0020416757852217415,6.769230769230769,5.684341886080802e-15,False
2063,0.005889570940780686,-6.363636363636363,5.684341886080802e-15,False
2064,0.003694216384246829,-0.9259259259259259,5.684341886080802e-15,False
2065,0.00584887964578229,-4.464285714285714,5.684341886080802e-15,False
2066,0.0022285396880761255,5.3125,5.684341886080802e-15,False
2067,0.002553279917265172,4.9411764705882355,5.684341886080802e-15,False
2068,0.0022554038423550082,-0.9,5.684341886080802e-15,False
2069,0.0017145651927421568,-0.9,5.684341886080802e-15,False
2070,0.008820134209599928,-7.020408163265306,5.684341886080802e-15,False
2071,0.0018915525652118959,6.769230769230769,5.684341886080802e-15,False
2072,0.0012954053599969484,5.733333333333333,5.684341886080802e-15,False
2073,0.0017919971687661018,-8.538461538461538,5.684341886080802e-15,False
2074,0.001024788503855234,5.733333333333333,5.684341886080802e-15,False
2075,0.004521079275946249,-4.129032258064516,5.684341886080802e-15,False
2076,0.0037542656718869694,-6.566037735849057,5.684341886080802e-15,False
2077,0.001459355718907318,4.9411764705882355,5.684341886080802e-15,False
2078,0.0013040967041888507,4.315789473684211,5.684341886080802e-15,False
2079,0.003574512869818136,-5.0,5.684341886080802e-15,False
2080,0.001882861222838983,-5.217391304347826,5.684341886080802e-15,False
2081,0.002665082207386149,-0.9310344827586207,5.684341886080802e-15,False
2082,0.0022186631613294594,-0.9393939393939394,5.684341886080802e-15,False
2083,0.0019784660089499084,4.9411764705882355,5.684341886080802e-15,False
2084,0.0018093798571499065,6.769230769230769,5.684341886080802e-15,False
2085,0.001763947830113466,6.769230769230769,5.684341886080802e-15,False
2086,0.007820234553946648,-0.9354838709677419,5.684341886080802e-15,False
2087,0.0022471075608336832,-3.9393939393939394,5.684341886080802e-15,False
2088,0.0030285384236776736,-5.780487804878049,5.684341886080802e-15,False
2089,0.0008967887060862267,6.769230769230769,5.684341886080802e-15,False
2090,0.0022471075608336832,-3.9393939393939394,5.684341886080802e-15,False
2091,0.0029515015085053165,-0.9130434782608695,5.684341886080802e-15,False
2092,0.0018986636659974465,-4.592592592592593,5.684341886080802e-15,False
2093,0.002650860007634037,-0.9090909090909091,5.684341886080802e-15,False
2094,0.0026804895896930248,4.611111111111111,5.684341886080802e-15,False
2095,0.001591306127011194,5.733333333333333,5.684341886080802e-15,False
2096,0.0015695777656219434,-0.9130434782608695,5.684341886080802e-15,False
2097,0.0018322933992749313,-0.9130434782608695,5.684341886080802e-15,False
2098,0.0018232069960504305,4.611111111111111,5.684341886080802e-15,False
2099,0.002678514285435085,-3.4871794871794872,5.684341886080802e-15,False
2100,0.0023952554747666,-6.6,5.684341886080802e-15,False
2101,0.0016849356088641798,3.2083333333333335,5.684341886080802e-15,False
2102,0.001147652508734609,-0.8666666666666667,5.684341886080802e-15,False
2103,0.001745775018207496,3.04,5.684341886080802e-15,False
2104,0.002273971715112566,-4.730769230769231,5.684341886080802e-15,False
2105,0.0011401463470974704,6.769230769230769,5.684341886080802e-15,False
2106,0.0010014798990596319,6.769230769230769,5.684341886080802e-15,False
2107,0.0010311094811186194,5.733333333333333,5.684341886080802e-15,False
2108,0.0009785663551156176,6.769230769230769,5.684341886080802e-15,False
2109,0.003436241484450875,-3.7714285714285714,5.684341886080802e-15,False
2110,0.0024608356161479605,-9.194444444444445,5.684341886080802e-15,False
2111,0.0011235537804168416,-0.875,5.684341886080802e-15,False
2112,0.001012936671031639,6.769230769230769,5.684341886080802e-15,False
2113,0.009310800101957284,-8.789473684210526,5.684341886080802e-15,False
2114,0.0017173306187032722,-0.92,5.684341886080802e-15,False
2115,0.0016738738977437606,-0.9166666666666666,5.684341886080802e-15,False
2116,0.0013977261860418366,5.733333333333333,5.684341886080802e-15,False
2117,0.004596535947712255,-4.592592592592593,5.684341886080802e-15,False
2118,0.003066464290895965,-0.9090909090909091,5.684341886080802e-15,False
2119,0.005465670374178444,-0.9285714285714286,5.684341886080802e-15,False
2120,0.001815305773561704,-0.9166666666666666,5.684341886080802e-15,False
2121,0.0030988593007350573,4.611111111111111,5.684341886080802e-15,False
2122,0.00306014331181359,3.391304347826087,5.684341886080802e-15,False
2123,0.0028602423935808474,-4.592592592592593,5.684341886080802e-15,False
2124,0.0010338749088987242,5.733333333333333,5.684341886080802e-15,False
2125,0.0017465651417296613,-0.9230769230769231,5.684341886080802e-15,False
2126,0.0016944170765782474,3.04,5.684341886080802e-15,False
2127,0.0010733810195233673,5.733333333333333,5.684341886080802e-15,False
2128,0.006725915296556195,-4.43859649122807,5.684341886080802e-15,False
2129,0.0009189121283270651,6.769230769230769,5.684341886080802e-15,False
2130,0.0010192576482950244,6.769230769230769,5.684341886080802e-15,False
2131,0.0041864625200105365,-6.444444444444445,5.684341886080802e-15,False
2132,0.0011057760293624597,6.769230769230769,5.684341886080802e-15,False
2133,0.0013218744552432327,6.769230769230769,5.684341886080802e-15,False
2134,0.0024177739578590263,-0.9310344827586207,5.684341886080802e-15,False
2135,0.000881776384630939,6.769230769230769,5.684341886080802e-15,False
2136,0.0015644419727323111,3.590909090909091,5.684341886080802e-15,False
2137,0.0012321955837251153,-0.8823529411764706,5.684341886080802e-15,False
2138,0.0020969843408238376,-0.9354838709677419,5.684341886080802e-15,False
2139,0.0016343677871191176,-0.9,5.684341886080802e-15,False
2140,0.0008979738904599799,6.769230769230769,5.684341886080802e-15,False
2141,0.0010670600422599819,5.733333333333333,5.684341886080802e-15,False
2142,0.0013605904423457105,4.315789473684211,5.684341886080802e-15,False
2143,0.001976095643840381,-0.8947368421052632,5.684341886080802e-15,False
2144,0.005180831320103607,-6.184210526315789,5.684341886080802e-15,False
2145,0.0015316519002226414,3.391304347826087,5.684341886080802e-15,False
2146,0.0011405414079490583,4.9411764705882355,5.684341886080802e-15,False
2147,0.0013040967041888507,4.315789473684211,5.684341886080802e-15,False
2148,0.0011389611627237173,4.9411764705882355,5.684341886080802e-15,False
2149,0.0012555041885207174,4.9411764705882355,5.684341886080802e-15,False
2150,0.0014245903421397088,4.9411764705882355,5.684341886080802e-15,False
2151,0.0024813787949824473,-0.9,5.684341886080802e-15,False
2152,0.0018322934010939207,-0.9259259259259259,5.684341886080802e-15,False
2153,0.0011519981799210655,4.9411764705882355,5.684341886080802e-15,False
2154,0.0008841467497404665,6.769230769230769,5.684341886080802e-15,False
2155,0.0019500216094456846,-0.9310344827586207,5.684341886080802e-15,False
2156,0.0010137267945538042,5.733333333333333,5.684341886080802e-15,False
2157,0.0020290338306949707,-0.9230769230769231,5.684341886080802e-15,False
2158,0.0015691827047703555,-0.8947368421052632,5.684341886080802e-15,False
2159,0.0059065585664939135,-6.7101449275362315,5.684341886080802e-15,False
2160,0.0012452326009224635,4.611111111111111,5.684341886080802e-15,False
2161,0.0035756980541918892,-6.673076923076923,5.684341886080802e-15,False
2162,0.0019267130046500824,2.740740740740741,5.684341886080802e-15,False
2163,0.0009343195106339408,6.769230769230769,5.684341886080802e-15,False
2164,0.0037001423006586265,-0.9310344827586207,5.684341886080802e-15,False
2165,0.0009153565788437845,6.769230769230769,5.684341886080802e-15,False
2166,0.0013688867256860249,4.315789473684211,5.684341886080802e-15,False
2167,0.0015727382560726255,3.391304347826087,5.684341886080802e-15,False
2168,0.0012713066334981704,4.315789473684211,5.684341886080802e-15,False
2169,0.001248788150405744,6.769230769230769,5.684341886080802e-15,False
2170,0.0012310104011703515,-0.8888888888888888,5.684341886080802e-15,False
2171,0.001711799764962052,-0.9090909090909091,5.684341886080802e-15,False
2172,0.002155058322387049,-0.9166666666666666,5.684341886080802e-15,False
2173,0.003469426615993143,-3.4871794871794872,5.684341886080802e-15,False
2174,0.001862713104856084,-0.92,5.684341886080802e-15,False
2175,0.002013231387536507,-0.9333333333333333,5.684341886080802e-15,False
2176,0.0015142692118388368,3.8095238095238093,5.684341886080802e-15,False
2177,0.0023083420310285874,5.733333333333333,5.684341886080802e-15,False
2178,0.007017865453235572,-2.979591836734694,5.684341886080802e-15,False
2179,0.004059252843944705,4.9411764705882355,5.684341886080802e-15,False
2180,0.0037274015176080866,4.9411764705882355,5.684341886080802e-15,False
2181,0.0031407357782882173,4.315789473684211,5.684341886080802e-15,False
2182,0.003499846321574296,-0.9259259259259259,5.684341886080802e-15,False
2183,0.013585361246441607,-6.051282051282051,5.684341886080802e-15,False
2184,0.0055569294909219025,-3.3095238095238093,5.684341886080802e-15,False
2185,0.003388439088666928,4.9411764705882355,5.684341886080802e-15,False
2186,0.001106566152884625,5.733333333333333,5.684341886080802e-15,False
2187,0.002396835719991941,-3.8529411764705883,5.684341886080802e-15,False
2188,0.0009303689002990723,6.769230769230769,5.684341886080802e-15,False
2189,0.0008869121793395607,6.769230769230769,5.684341886080802e-15,False
2190,0.001678219568930217,-0.92,5.684341886080802e-15,False
2191,0.0025331317992822733,-3.6216216216216215,5.684341886080802e-15,False
2192,0.0048304121191904414,-3.3095238095238093,5.684341886080802e-15,False
2193,0.002880390509744757,-5.666666666666667,5.684341886080802e-15,False
2194,0.0018808859149430646,4.9411764705882355,5.684341886080802e-15,False
2195,0.004110215726541355,-0.9354838709677419,5.684341886080802e-15,False
2196,0.002011256081459578,4.611111111111111,5.684341886080802e-15,False
2197,0.004762066548209987,-6.764705882352941,5.684341886080802e-15,False
2198,0.0019891326592187397,5.733333333333333,5.684341886080802e-15,False
2199,0.0018038490015896969,6.769230769230769,5.684341886080802e-15,False
2200,0.00391979627602268,-0.9310344827586207,5.684341886080802e-15,False
2201,0.0022960951373534044,4.9411764705882355,5.684341886080802e-15,False
2202,0.0039881418451841455,-0.9310344827586207,5.684341886080802e-15,False
2203,0.003657080640550703,-4.62962962962963,5.684341886080802e-15,False
2204,0.0009050849894265411,6.769230769230769,5.684341886080802e-15,False
2205,0.0009228627386619337,6.769230769230769,5.684341886080802e-15,False
2206,0.0028578720266523305,-4.592592592592593,5.684341886080802e-15,False
2207,0.001985972170587047,3.8095238095238093,5.684341886080802e-15,False
2208,0.0020306140759203117,5.733333333333333,5.684341886080802e-15,False
2209,0.004534116293143597,-4.379310344827586,5.684341886080802e-15,False
2210,0.0011132821928185876,6.769230769230769,5.684341886080802e-15,False
2211,0.0016106641214719275,4.9411764705882355,5.684341886080802e-15,False
2212,0.0009260232291126158,6.769230769230769,5.684341886080802e-15,False
2213,0.005328189110514359,-6.673076923076923,5.684341886080802e-15,False
2214,0.0010358502149756532,6.769230769230769,5.684341886080802e-15,False
2215,0.0017979230851778993,-0.9230769230769231,5.684341886080802e-15,False
2216,0.0018105650397046702,6.769230769230769,5.684341886080802e-15,False
2217,0.0028329831766313873,3.8095238095238093,5.684341886080802e-15,False
2218,0.0027571314458327834,-3.6216216216216215,5.684341886080802e-15,False
2219,0.0031869579270278336,-5.217391304347826,5.684341886080802e-15,False
2220,0.0030095754918875173,-4.233333333333333,5.684341886080802e-15,False
2221,0.0012969856052222895,4.611111111111111,5.684341886080802e-15,False
2222,0.0014056274067115737,4.9411764705882355,5.684341886080802e-15,False
2223,0.001424195281288121,4.315789473684211,5.684341886080802e-15,False
2224,0.0022273545055213617,-0.9375,5.684341886080802e-15,False
2225,0.001340837387033389,6.769230769230769,5.684341886080802e-15,False
2226,0.005136979536473518,-0.9375,5.684341886080802e-15,False
2227,0.0016999479303194676,6.769230769230769,5.684341886080802e-15,False
2228,0.006680878332190332,-6.673076923076923,5.684341886080802e-15,False
2229,0.006321372726233676,-7.145833333333333,5.684341886080802e-15,False
2230,0.001144096957432339,5.733333333333333,5.684341886080802e-15,False
2231,0.001156343851107522,6.769230769230769,5.684341886080802e-15,False
2232,0.0043954498432867695,-8.584615384615384,5.684341886080802e-15,False
2233,0.001880885916762054,-0.9090909090909091,5.684341886080802e-15,False
2234,0.0012124425284127938,4.9411764705882355,5.684341886080802e-15,False
2235,0.0028851312436017906,4.315789473684211,5.684341886080802e-15,False
2236,0.0017141701300715795,6.769230769230769,5.684341886080802e-15,False
2237,0.001853231638961006,6.214285714285714,5.684341886080802e-15,False
2238,0.0016612319432169897,6.769230769230769,5.684341886080802e-15,False
2239,0.0020827621410717256,4.9411764705882355,5.684341886080802e-15,False
2240,0.0017331330636807252,-0.9166666666666666,5.684341886080802e-15,False
2241,0.002393280168689671,5.733333333333333,5.684341886080802e-15,False
2242,0.0016967874416877748,6.214285714285714,5.684341886080802e-15,False
2243,0.002027453587288619,5.733333333333333,5.684341886080802e-15,False
2244,0.0012724918160529342,4.611111111111111,5.684341886080802e-15,False
2245,0.0009386651836393867,6.769230769230769,5.684341886080802e-15,False
2246,0.00599821274408896,-4.92,5.684341886080802e-15,False
2247,0.002103700378938811,-0.8888888888888888,5.684341886080802e-15,False
2248,0.0022546137206518324,-0.9285714285714286,5.684341886080802e-15,False
2249,0.000919702250030241,6.769230769230769,5.684341886080802e-15,False
2250,0.0020152066917944467,-4.344827586206897,5.684341886080802e-15,False
2251,0.0012448375382518861,4.611111111111111,5.684341886080802e-15,False
2252,0.003273476308095269,-0.9428571428571428,5.684341886080802e-15,False
2253,0.0012009857564407866,4.9411764705882355,5.684341886080802e-15,False
2254,0.0012001956347376108,6.769230769230769,5.684341886080802e-15,False
2255,0.001695997319984599,4.9411764705882355,5.684341886080802e-15,False
2256,0.0020926386678183917,5.733333333333333,5.684341886080802e-15,False
2257,0.0023956505337991985,4.9411764705882355,5.684341886080802e-15,False
2258,0.0036231053854862694,-6.0256410256410255,5.684341886080802e-15,False
2259,0.0009414306114194915,6.769230769230769,5.684341886080802e-15,False
2260,0.0013033065824856749,-0.8947368421052632,5.684341886080802e-15,False
2261,0.002708933991016238,4.315789473684211,5.684341886080802e-15,False
2262,0.0035539696928026387,-4.592592592592593,5.684341886080802e-15,False
2263,0.002763452423096169,4.05,5.684341886080802e-15,False
2264,0.0021084411127958447,5.733333333333333,5.684341886080802e-15,False
2265,0.001670713409112068,4.9411764705882355,5.684341886080802e-15,False
2266,0.009668725462688599,-7.459016393442623,5.684341886080802e-15,False
2267,0.0017434046530979685,-0.9130434782608695,5.684341886080802e-15,False
2268,0.0039897220904094866,-7.276595744680851,5.684341886080802e-15,False
2269,0.0030526371501764515,-0.875,5.684341886080802e-15,False
2270,0.0015735283777758013,5.733333333333333,5.684341886080802e-15,False
2271,0.003350118162416038,-0.9259259259259259,5.684341886080802e-15,False
2272,0.00120770179455576,6.769230769230769,5.684341886080802e-15,False
2273,0.011682351909257704,-6.732558139534884,5.684341886080802e-15,False
2274,0.004836733098272816,4.9411764705882355,5.684341886080802e-15,False
2275,0.0037665125655621523,-0.9333333333333333,5.684341886080802e-15,False
2276,0.0029301682097866433,6.769230769230769,5.684341886080802e-15,False
2277,0.0023486382633564062,-0.9,5.684341886080802e-15,False
2278,0.003376982316694921,-0.9310344827586207,5.684341886080802e-15,False
2279,0.003481673509668326,-7.533333333333333,5.684341886080802e-15,False
2280,0.001671898593485821,5.733333333333333,5.684341886080802e-15,False
2281,0.002540242900067824,-0.8888888888888888,5.684341886080802e-15,False
2282,0.0020926386678183917,4.9411764705882355,5.684341886080802e-15,False
2283,0.00205273749816115,4.9411764705882355,5.684341886080802e-15,False
2284,0.002299255625985097,4.315789473684211,5.684341886080802e-15,False
2285,0.0057773735861701425,-6.764705882352941,5.684341886080802e-15,False
2286,0.0035666116473294096,-0.9411764705882353,5.684341886080802e-15,False
2287,0.002113971966537065,4.05,5.684341886080802e-15,False
2288,0.0063830022590991575,-6.363636363636363,5.684341886080802e-15,False
2289,0.002539057715694071,-0.8888888888888888,5.684341886080802e-15,False
2290,0.0017667132578935707,4.9411764705882355,5.684341886080802e-15,False
2291,0.002198119984313962,3.8095238095238093,5.684341886080802e-15,False
2292,0.0013605904423457105,6.769230769230769,5.684341886080802e-15,False
2293,0.0015841950262256432,6.769230769230769,5.684341886080802e-15,False
2294,0.002341132103538257,4.9411764705882355,5.684341886080802e-15,False
2295,0.0030633038022642722,4.315789473684211,5.684341886080802e-15,False
2296,0.0023371814932033885,4.611111111111111,5.684341886080802e-15,False
2297,0.002066169574391097,5.3125,5.684341886080802e-15,False
2298,0.0031549579762213398,3.391304347826087,5.684341886080802e-15,False
2299,0.0020163918761682,6.769230769230769,5.684341886080802e-15,False
2300,0.0037858705618418753,-0.9333333333333333,5.684341886080802e-15,False
2301,0.0015751086230011424,5.733333333333333,5.684341886080802e-15,False
2302,0.002378267845415394,3.391304347826087,5.684341886080802e-15,False
2303,0.0073580130647314945,-5.836065573770492,5.684341886080802e-15,False
2304,0.0028274523210711777,4.05,5.684341886080802e-15,False
2305,0.0019847869880322833,5.733333333333333,5.684341886080802e-15,False
2306,0.0034216242220281856,-0.9166666666666666,5.684341886080802e-15,False
2307,0.0016695282247383147,6.769230769230769,5.684341886080802e-15,False
2308,0.004030808444440481,-0.9285714285714286,5.684341886080802e-15,False
2309,0.00700364325348346,-6.267857142857143,5.684341886080802e-15,False
2310,0.0027804400506283855,6.214285714285714,5.684341886080802e-15,False
2311,0.005202954740525456,5.733333333333333,5.684341886080802e-15,False
2312,0.003413327938687871,5.733333333333333,5.684341886080802e-15,False
2313,0.002629526708915364,4.9411764705882355,5.684341886080802e-15,False
2314,0.002576588520241785,6.769230769230769,5.684341886080802e-15,False
2315,0.0045661162403121125,3.8095238095238093,5.684341886080802e-15,False
2316,0.0029487360807252117,-0.9,5.684341886080802e-15,False
2317,0.0030581680075556505,-0.9047619047619048,5.684341886080802e-15,False
2318,0.0033742168907338055,-4.129032258064516,5.684341886080802e-15,False
2319,0.005450658052723156,-6.9393939393939394,5.684341886080802e-15,False
2320,0.0034243896498082904,-0.9130434782608695,5.684341886080802e-15,False
2321,0.001815305773561704,4.9411764705882355,5.684341886080802e-15,False
2322,0.0024146134692273336,4.9411764705882355,5.684341886080802e-15,False
2323,0.0026386131139588542,-0.8888888888888888,5.684341886080802e-15,False
2324,0.004858856518694665,-0.9285714285714286,5.684341886080802e-15,False
2325,0.0035681918925547507,-11.172413793103448,5.684341886080802e-15,False
2326,0.003999203556304565,-0.9375,5.684341886080802e-15,False
2327,0.00184335511221434,6.769230769230769,5.684341886080802e-15,False
2328,0.0024797985497571062,5.733333333333333,5.684341886080802e-15,False
2329,0.0020713053690997185,5.733333333333333,5.684341886080802e-15,False
2330,0.0024501689676981186,5.3125,5.684341886080802e-15,False
2331,0.0037183151125645963,-4.233333333333333,5.684341886080802e-15,False
2332,0.0047371776981890434,3.04,5.684341886080802e-15,False
2333,0.0022064162676542765,5.733333333333333,5.684341886080802e-15,False
2334,0.0010500724147277651,6.769230769230769,5.684341886080802e-15,False
2335,0.0013487386095221154,-0.8947368421052632,5.684341886080802e-15,False
2336,0.0012341708898020443,-0.8888888888888888,5.684341886080802e-15,False
2337,0.004365425200376194,-6.784313725490196,5.684341886080802e-15,False
2338,0.004094413281563902,-0.8947368421052632,5.684341886080802e-15,False
2339,0.0017959477791009704,6.769230769230769,5.684341886080802e-15,False
2340,0.002594366271296167,-0.8947368421052632,5.684341886080802e-15,False
2341,0.0038960926085565006,-0.9230769230769231,5.684341886080802e-15,False
2342,0.0018002934502874268,6.769230769230769,5.684341886080802e-15,False
2343,0.001753676242515212,6.769230769230769,5.684341886080802e-15,False
2344,0.0028333782393019646,4.315789473684211,5.684341886080802e-15,False
2345,0.001944095693033887,6.769230769230769,5.684341886080802e-15,False
2346,0.004318412929933402,-0.9285714285714286,5.684341886080802e-15,False
2347,0.003668142351671122,-0.9259259259259259,5.684341886080802e-15,False
2348,0.0018374291958025424,5.733333333333333,5.684341886080802e-15,False
2349,0.002445033172989497,5.733333333333333,5.684341886080802e-15,False
2350,0.002563551504863426,-0.9230769230769231,5.684341886080802e-15,False
2351,0.0028989583825023146,4.315789473684211,5.684341886080802e-15,False
2352,0.007190112095486256,-6.9393939393939394,5.684341886080802e-15,False
2353,0.0022020705946488306,5.733333333333333,5.684341886080802e-15,False
2354,0.0022660704926238395,-0.8888888888888888,5.684341886080802e-15,False
2355,0.008808677437627921,6.769230769230769,5.684341886080802e-15,False
2356,0.003955351774493465,-4.464285714285714,5.684341886080802e-15,False
2357,0.002247107559014694,5.733333333333333,5.684341886080802e-15,False
2358,0.0019057747649640078,-0.9285714285714286,5.684341886080802e-15,False
2359,0.0013368867766985204,4.9411764705882355,5.684341886080802e-15,False
2360,0.001600787592906272,4.9411764705882355,5.684341886080802e-15,False
2361,0.004292733958209283,-3.2045454545454546,5.684341886080802e-15,False
2362,0.002474267696015886,4.315789473684211,5.684341886080802e-15,False
2363,0.0017900218626891728,6.214285714285714,5.684341886080802e-15,False
2364,0.0018378242566541303,6.769230769230769,5.684341886080802e-15,False
2365,0.002891452220865176,-0.9047619047619048,5.684341886080802e-15,False
2366,0.0019915030261472566,-0.9310344827586207,5.684341886080802e-15,False
2367,0.0024339714618690778,-0.8888888888888888,5.684341886080802e-15,False
2368,0.001989922782740905,-0.875,5.684341886080802e-15,False
2369,0.0020598485971277114,-0.92,5.684341886080802e-15,False
2370,0.002383798702794593,4.9411764705882355,5.684341886080802e-15,False
2371,0.0030554025797755457,3.8095238095238093,5.684341886080802e-15,False
2372,0.001117627864005044,5.3125,5.684341886080802e-15,False
2373,0.00217125582821609,5.733333333333333,5.684341886080802e-15,False
2374,0.0029123904587322613,3.8095238095238093,5.684341886080802e-15,False
2375,0.002316243253517314,4.9411764705882355,5.684341886080802e-15,False
2376,0.005434855609564693,-0.9411764705882353,5.684341886080802e-15,False
2377,0.001247602966031991,5.733333333333333,5.684341886080802e-15,False
2378,0.0014368372358148918,-0.9,5.684341886080802e-15,False
2379,0.001536787694931263,-0.9,5.684341886080802e-15,False
2380,0.0014621211466874229,-0.9047619047619048,5.684341886080802e-15,False
2381,0.0031249333333107643,-8.023809523809524,5.684341886080802e-15,False
2382,0.002333230879230541,-0.9090909090909091,5.684341886080802e-15,False
2383,0.0019152562326780753,-0.9,5.684341886080802e-15,False
2384,0.0011855783723149216,-0.8823529411764706,5.684341886080802e-15,False
2385,0.0018093798571499065,4.315789473684211,5.684341886080802e-15,False
2386,0.0011610845849645557,4.9411764705882355,5.684341886080802e-15,False
2387,0.001277232549909968,5.733333333333333,5.684341886080802e-15,False
2388,0.002066169574391097,5.733333333333333,5.684341886080802e-15,False
2389,0.0024359467679460067,-0.8888888888888888,5.684341886080802e-15,False
2390,0.006898952060510055,-0.9090909090909091,5.684341886080802e-15,False
2391,0.0009576281172485324,6.769230769230769,5.684341886080802e-15,False
2392,0.0015632567901775474,-5.409090909090909,5.684341886080802e-15,False
2393,0.0010334798480471363,5.733333333333333,5.684341886080802e-15,False
2394,0.0010868130975723034,6.769230769230769,5.684341886080802e-15,False
2395,0.0008928380957513582,6.769230769230769,5.684341886080802e-15,False
2396,0.001016097161482321,5.733333333333333,5.684341886080802e-15,False
2397,0.0038360433209163602,-0.9,5.684341886080802e-15,False
2398,0.0029123904587322613,-4.592592592592593,5.684341886080802e-15,False
2399,0.002673773553397041,-3.5526315789473686,5.684341886080802e-15,False
2400,0.00263387238192081,-0.9130434782608695,5.684341886080802e-15,False
2401,0.0017311577576037962,6.769230769230769,5.684341886080802e-15,False
2402,0.006230903733012383,-0.9047619047619048,5.684341886080802e-15,False
2403,0.0022427618878282374,5.733333333333333,5.684341886080802e-15,False
2404,0.004771152955072466,6.769230769230769,5.684341886080802e-15,False
2405,0.001616985098735313,4.611111111111111,5.684341886080802e-15,False
2406,0.007874752987845568,-3.6216216216216215,5.684341886080802e-15,False
2407,0.0026583661692711757,4.315789473684211,5.684341886080802e-15,False
2408,0.005443151892905007,-5.9,5.684341886080802e-15,False
2409,0.003359994689162704,4.9411764705882355,5.684341886080802e-15,False
2410,0.0028389090948621742,-5.780487804878049,5.684341886080802e-15,False
2411,0.001197825267809094,4.9411764705882355,5.684341886080802e-15,False
2412,0.0010958995026157936,5.3125,5.684341886080802e-15,False
2413,0.0011559487920749234,4.9411764705882355,5.684341886080802e-15,False
2414,0.003371846521986299,-3.0638297872340425,5.684341886080802e-15,False
2415,0.003862117353492067,-0.9393939393939394,5.684341886080802e-15,False
2416,0.002051552313787397,-4.344827586206897,5.684341886080802e-15,False
2417,0.0012894794435851509,4.315789473684211,5.684341886080802e-15,False
2418,0.0013993064312671777,4.05,5.684341886080802e-15,False
2419,0.0028894769166072365,-7.8604651162790695,5.684341886080802e-15,False
2420,0.0011563438529265113,5.3125,5.684341886080802e-15,False
2421,0.0017959477791009704,-0.9230769230769231,5.684341886080802e-15,False
2422,0.0010224181369267171,5.733333333333333,5.684341886080802e-15,False
2423,0.0025825144384725718,5.733333333333333,5.684341886080802e-15,False
2424,0.0022399964600481326,-3.9393939393939394,5.684341886080802e-15,False
2425,0.0015336272062995704,-0.9047619047619048,5.684341886080802e-15,False
2426,0.0011401463470974704,5.3125,5.684341886080802e-15,False
2427,0.001237331378433737,-0.8888888888888888,5.684341886080802e-15,False
2428,0.0010473069869476603,5.733333333333333,5.684341886080802e-15,False
2429,0.0010208378935203655,5.733333333333333,5.684341886080802e-15,False
2430,0.0012780226716131438,4.315789473684211,5.684341886080802e-15,False
2431,0.0039016234641167102,-6.0256410256410255,5.684341886080802e-15,False
2432,0.002332045698494767,-8.25925925925926,5.684341886080802e-15,False
2433,0.002517724415156408,-4.344827586206897,5.684341886080802e-15,False
2434,0.002944390407719766,-7.8604651162790695,5.684341886080802e-15,False
2435,0.0021230583733995445,4.9411764705882355,5.684341886080802e-15,False
2436,0.002238021155790193,-0.875,5.684341886080802e-15,False
2437,0.001922762394315214,6.769230769230769,5.684341886080802e-15,False
2438,0.0019602931970439386,-0.9310344827586207,5.684341886080802e-15,False
2439,0.000973035499555408,6.769230769230769,5.684341886080802e-15,False
2440,0.0008908627896744292,6.769230769230769,5.684341886080802e-15,False
2441,0.0008857269967847969,6.769230769230769,5.684341886080802e-15,False
2442,0.004639992666852777,-4.5636363636363635,5.684341886080802e-15,False
2443,0.006776878179152845,-7.413043478260869,5.684341886080802e-15,False
2444,0.00268483526451746,3.8095238095238093,5.684341886080802e-15,False
2445,0.0022810828158981167,4.611111111111111,5.684341886080802e-15,False
2446,0.0036531300302158343,-0.9310344827586207,5.684341886080802e-15,False
2447,0.0034836488175642444,-0.875,5.684341886080802e-15,False
2448,0.0008991590730147436,6.769230769230769,5.684341886080802e-15,False
2449,0.0012811831602448365,4.315789473684211,5.684341886080802e-15,False
2450,0.002300440808539861,-6.9393939393939394,5.684341886080802e-15,False
2451,0.0013688867256860249,-0.9,5.684341886080802e-15,False
2452,0.001048492169502424,6.769230769230769,5.684341886080802e-15,False
2453,0.0035721425047086086,-8.433962264150944,5.684341886080802e-15,False
2454,0.0020582683519023703,4.611111111111111,5.684341886080802e-15,False
2455,0.0023514036929555004,-0.9230769230769231,5.684341886080802e-15,False
2456,0.0018204415682703257,-0.9259259259259259,5.684341886080802e-15,False
2457,0.0018749600003502565,-0.9285714285714286,5.684341886080802e-15,False
2458,0.0011101217023679055,5.733333333333333,5.684341886080802e-15,False
2459,0.0012803930385416606,-0.8947368421052632,5.684341886080802e-15,False
2460,0.0026077983475261135,-3.4871794871794872,5.684341886080802e-15,False
2461,0.0010753563256002963,-0.8571428571428571,5.684341886080802e-15,False
2462,0.0012796029150194954,5.733333333333333,5.684341886080802e-15,False
2463,0.003975499890657375,-5.260869565217392,5.684341886080802e-15,False
2464,0.0010374304602009943,5.733333333333333,5.684341886080802e-15,False
2465,0.0021471570998983225,-0.9047619047619048,5.684341886080802e-15,False
2466,0.003403846472792793,-0.9259259259259259,5.684341886080802e-15,False
2467,0.0010994550520990742,5.733333333333333,5.684341886080802e-15,False
2468,0.0033959452503040666,-0.9259259259259259,5.684341886080802e-15,False
2469,0.0018797007323883008,5.733333333333333,5.684341886080802e-15,False
2470,0.002402761634584749,4.315789473684211,5.684341886080802e-15,False
2471,0.0023565394858451327,4.315789473684211,5.684341886080802e-15,False
2472,0.0014443433974520303,6.769230769230769,5.684341886080802e-15,False
2473,0.0010326897263439605,5.733333333333333,5.684341886080802e-15,False
2474,0.002959007670142455,-3.4871794871794872,5.684341886080802e-15,False
2475,0.0020476017034525285,-0.9230769230769231,5.684341886080802e-15,False
2476,0.0010433563747938024,5.733333333333333,5.684341886080802e-15,False
2477,0.0011602944632613799,4.9411764705882355,5.684341886080802e-15,False
2478,0.0009102207841351628,6.769230769230769,5.684341886080802e-15,False
2479,0.002905674420617288,-3.3095238095238093,5.684341886080802e-15,False
2480,0.0018097749180014944,5.3125,5.684341886080802e-15,False
2481,0.0014664668178738793,5.3125,5.684341886080802e-15,False
2482,0.0035369820634514326,3.8095238095238093,5.684341886080802e-15,False
2483,0.0009556528111716034,6.214285714285714,5.684341886080802e-15,False
2484,0.0017311577576037962,5.733333333333333,5.684341886080802e-15,False
2485,0.0025580206493032165,-0.9166666666666666,5.684341886080802e-15,False
2486,0.003274661492469022,-0.9166666666666666,5.684341886080802e-15,False
2487,0.008100727938654018,-10.30188679245283,5.684341886080802e-15,False
2488,0.0048197454707405996,-0.9375,5.684341886080802e-15,False
2489,0.0010429613139422145,6.769230769230769,5.684341886080802e-15,False
2490,0.004919300869005383,-0.9230769230769231,5.684341886080802e-15,False
2491,0.0017070590311050182,6.769230769230769,5.684341886080802e-15,False
2492,0.0022913544034963707,4.9411764705882355,5.684341886080802e-15,False
2493,0.0013771830090263393,-0.8888888888888888,5.684341886080802e-15,False
2494,0.002235255726191099,4.9411764705882355,5.684341886080802e-15,False
2495,0.002524045394238783,4.315789473684211,5.684341886080802e-15,False
2496,0.0025327367384306854,4.9411764705882355,5.684341886080802e-15,False
2497,0.0024343665227206657,-0.8947368421052632,5.684341886080802e-15,False
2498,0.0024979713598440867,4.315789473684211,5.684341886080802e-15,False
2499,0.0026484896425245097,4.05,5.684341886080802e-15,False
2500,0.0018828612210199935,6.769230769230769,5.684341886080802e-15,False
2501,0.005823200674058171,6.214285714285714,5.684341886080802e-15,False
2502,0.0020021696745970985,5.733333333333333,5.684341886080802e-15,False
2503,0.0016746640212659258,-5.619047619047619,5.684341886080802e-15,False
2504,0.007293223041415331,-9.208333333333334,5.684341886080802e-15,False
2505,0.005393374192863121,-5.666666666666667,5.684341886080802e-15,False
2506,0.005084831471322104,-3.4871794871794872,5.684341886080802e-15,False
2507,0.0011598994005908025,4.9411764705882355,5.684341886080802e-15,False
2508,0.0008790109568508342,6.769230769230769,5.684341886080802e-15,False
2509,0.001020837891701376,6.214285714285714,5.684341886080802e-15,False
2510,0.0009082454780582339,6.769230769230769,5.684341886080802e-15,False
2511,0.0008853319341142196,6.769230769230769,5.684341886080802e-15,False
2512,0.0013471583642967744,4.05,5.684341886080802e-15,False
2513,0.0010354551541240653,5.733333333333333,5.684341886080802e-15,False
2514,0.0019891326592187397,-0.9310344827586207,5.684341886080802e-15,False
2515,0.001488985302785295,-0.9090909090909091,5.684341886080802e-15,False
2516,0.002298070441611344,5.733333333333333,5.684341886080802e-15,False
2517,0.0023201938638521824,-0.9393939393939394,5.684341886080802e-15,False
2518,0.0024015764520299854,4.9411764705882355,5.684341886080802e-15,False
2519,0.0030700198403792456,-0.9090909090909091,5.684341886080802e-15,False
2520,0.0026856253844016464,-0.9130434782608695,5.684341886080802e-15,False
2521,0.002957822485768702,-0.9166666666666666,5.684341886080802e-15,False
2522,0.0021222682516963687,5.733333333333333,5.684341886080802e-15,False
2523,0.002164144727430539,-0.875,5.684341886080802e-15,False
2524,0.0019547623433027184,5.733333333333333,5.684341886080802e-15,False
2525,0.003001279208547203,5.733333333333333,5.684341886080802e-15,False
2526,0.001771849050783203,3.8095238095238093,5.684341886080802e-15,False
2527,0.003001674269398791,5.733333333333333,5.684341886080802e-15,False
2528,0.004004339351013186,-0.9333333333333333,5.684341886080802e-15,False
2529,0.004287203102649073,-3.9393939393939394,5.684341886080802e-15,False
2530,0.007836827122446266,-7.662162162162162,5.684341886080802e-15,False
2531,0.001078516814231989,5.733333333333333,5.684341886080802e-15,False
2532,0.0014917507287464105,-0.9090909090909091,5.684341886080802e-15,False
2533,0.0020152066917944467,-0.9333333333333333,5.684341886080802e-15,False
2534,0.001062714369254536,5.733333333333333,5.684341886080802e-15,False
2535,0.0011907141670235433,4.9411764705882355,5.684341886080802e-15,False
2536,0.005992681886709761,-5.083333333333333,5.684341886080802e-15,False
2537,0.0019452808774076402,-0.9259259259259259,5.684341886080802e-15,False
2538,0.0010887884036492324,5.733333333333333,5.684341886080802e-15,False
2539,0.0010753563256002963,5.733333333333333,5.684341886080802e-15,False
2540,0.0011804425794252893,4.9411764705882355,5.684341886080802e-15,False
2541,0.0025445885712542804,-7.533333333333333,5.684341886080802e-15,False
2542,0.0027950573112320853,-6.105263157894737,5.684341886080802e-15,False
2543,0.004246906868502265,-0.9090909090909091,5.684341886080802e-15,False
2544,0.0038838457148813177,-7.533333333333333,5.684341886080802e-15,False
2545,0.001064689675331465,5.733333333333333,5.684341886080802e-15,False
2546,0.0012713066334981704,5.733333333333333,5.684341886080802e-15,False
2547,0.002102910257235635,5.733333333333333,5.684341886080802e-15,False
2548,0.004991201989469118,3.04,5.684341886080802e-15,False
2549,0.0039482406737079145,-0.9354838709677419,5.684341886080802e-15,False
2550,0.0037281916393112624,-0.9333333333333333,5.684341886080802e-15,False
2551,0.0030664642890769755,4.05,5.684341886080802e-15,False
2552,0.0034476982546038926,4.315789473684211,5.684341886080802e-15,False
2553,0.001863108165707672,5.733333333333333,5.684341886080802e-15,False
2554,0.0010520477208046941,5.733333333333333,5.684341886080802e-15,False
2555,0.002909625032771146,-3.425,5.684341886080802e-15,False
2556,0.0010457267417223193,5.733333333333333,5.684341886080802e-15,False
2557,0.0027243413733231137,4.9411764705882355,5.684341886080802e-15,False
2558,0.0009793564768187935,6.769230769230769,5.684341886080802e-15,False
2559,0.0013736274595430586,4.9411764705882355,5.684341886080802e-15,False
2560,0.0021669101570296334,5.733333333333333,5.684341886080802e-15,False
2561,0.002645329153892817,4.315789473684211,5.684341886080802e-15,False
2562,0.0031545629171887413,-0.9130434782608695,5.684341886080802e-15,False
2563,0.005476337026266265,5.733333333333333,5.684341886080802e-15,False
2564,0.002357329609367298,4.9411764705882355,5.684341886080802e-15,False
2565,0.006353767737891758,-3.0208333333333335,5.684341886080802e-15,False
2566,0.0024600454944447847,5.733333333333333,5.684341886080802e-15,False
2567,0.0015616765449522063,-0.8571428571428571,5.684341886080802e-15,False
2568,0.0016082937545434106,3.590909090909091,5.684341886080802e-15,False
2569,0.0015000470120867249,3.8095238095238093,5.684341886080802e-15,False
2570,0.0014925408522685757,-0.9047619047619048,5.684341886080802e-15,False
2571,0.0018753550612018444,-4.592592592592593,5.684341886080802e-15,False
2572,0.0011757018455682555,4.9411764705882355,5.684341886080802e-15,False
2573,0.0014245903403207194,-0.9047619047619048,5.684341886080802e-15,False
2574,0.001932243860210292,-0.92,5.684341886080802e-15,False
2575,0.0031221679055306595,4.611111111111111,5.684341886080802e-15,False
2576,0.0011626648301898967,5.733333333333333,5.684341886080802e-15,False
2577,0.0018627131066750735,-12.346153846153847,5.684341886080802e-15,False
2578,0.0021902187618252356,3.391304347826087,5.684341886080802e-15,False
2579,0.0021483422842720756,4.315789473684211,5.684341886080802e-15,False
2580,0.0031940690278133843,-0.9130434782608695,5.684341886080802e-15,False
2581,0.001853231638961006,-0.9090909090909091,5.684341886080802e-15,False
2582,0.001612639425729867,-5.217391304347826,5.684341886080802e-15,False
2583,0.0056501639119233005,-6.0256410256410255,5.684341886080802e-15,False
2584,0.002533526860133861,4.9411764705882355,5.684341886080802e-15,False
2585,0.006122261929704109,-0.9,5.684341886080802e-15,False
2586,0.0024276504846056923,-0.8947368421052632,5.684341886080802e-15,False
2587,0.002625576096761506,4.9411764705882355,5.684341886080802e-15,False
2588,0.008538060581486207,-5.083333333333333,5.684341886080802e-15,False
2589,0.0022953050156502286,-4.129032258064516,5.684341886080802e-15,False
2590,0.0013333312272152398,4.315789473684211,5.684341886080802e-15,False
2591,0.0015794542941875989,-0.9130434782608695,5.684341886080802e-15,False
2592,0.0008888874835975002,6.769230769230769,5.684341886080802e-15,False
2593,0.0011223685960430885,6.769230769230769,5.684341886080802e-15,False
2594,0.001340442326181801,4.611111111111111,5.684341886080802e-15,False
2595,0.002073675734209246,6.769230769230769,5.684341886080802e-15,False
2596,0.001406022469382151,-0.8888888888888888,5.684341886080802e-15,False
2597,0.0009145664571406087,6.769230769230769,5.684341886080802e-15,False
2598,0.0016675529204803752,-0.8947368421052632,5.684341886080802e-15,False
2599,0.0010413810705358628,5.733333333333333,5.684341886080802e-15,False
2600,0.0013388620827754494,4.315789473684211,5.684341886080802e-15,False
2601,0.0015537753224634798,-0.9090909090909091,5.684341886080802e-15,False
2602,0.001445528580006794,4.611111111111111,5.684341886080802e-15,False
2603,0.001172146296084975,5.3125,5.684341886080802e-15,False
2604,0.001028344055157504,5.733333333333333,5.684341886080802e-15,False
2605,0.00509115244858549,-5.355555555555555,5.684341886080802e-15,False
2606,0.0009738256212585839,6.214285714285714,5.684341886080802e-15,False
2607,0.0015861703323025722,3.391304347826087,5.684341886080802e-15,False
2608,0.000931554082853836,6.769230769230769,5.684341886080802e-15,False
2609,0.0012325906445767032,6.769230769230769,5.684341886080802e-15,False
2610,0.0017019232363963965,-5.041666666666667,5.684341886080802e-15,False
2611,0.0010283440533385146,5.733333333333333,5.684341886080802e-15,False
2612,0.005933817783443374,-5.170212765957447,5.684341886080802e-15,False
2613,0.001946070999110816,4.315789473684211,5.684341886080802e-15,False
2614,0.001515059335361002,5.733333333333333,5.684341886080802e-15,False
2615,0.004104684870981146,2.4827586206896552,5.684341886080802e-15,False
2616,0.005667151537636528,-6.444444444444445,5.684341886080802e-15,False
2617,0.001511108723207144,-0.9090909090909091,5.684341886080802e-15,False
2618,0.0023600950353284134,5.733333333333333,5.684341886080802e-15,False
2619,0.005731941560952691,-6.297297297297297,5.684341886080802e-15,False
2620,0.003781129826165852,3.8095238095238093,5.684341886080802e-15,False
2621,0.002707353745790897,-0.8947368421052632,5.684341886080802e-15,False
2622,0.0018038490015896969,6.769230769230769,5.684341886080802e-15,False
2623,0.0020428609677765053,5.733333333333333,5.684341886080802e-15,False
2624,0.00237708266286063,3.8095238095238093,5.684341886080802e-15,False
2625,0.007055396257783286,-3.3658536585365852,5.684341886080802e-15,False
2626,0.0037910063547315076,-0.9393939393939394,5.684341886080802e-15,False
2627,0.0034891796713054646,-0.9166666666666666,5.684341886080802e-15,False
2628,0.0028764398994098883,4.9411764705882355,5.684341886080802e-15,False
2629,0.0030779210610489827,4.315789473684211,5.684341886080802e-15,False
2630,0.00458468411306967,-6.9393939393939394,5.684341886080802e-15,False
2631,0.004330264762756997,-0.95,5.684341886080802e-15,False
2632,0.006233669160792488,-5.260869565217392,5.684341886080802e-15,False
2633,0.0026382180531072663,6.769230769230769,5.684341886080802e-15,False
2634,0.002166515094359056,5.733333333333333,5.684341886080802e-15,False
2635,0.0024102677962218877,-0.875,5.684341886080802e-15,False
2636,0.0030546124562533805,6.769230769230769,5.684341886080802e-15,False
2637,0.004600091497195535,-3.8529411764705883,5.684341886080802e-15,False
2638,0.002292539587870124,5.733333333333333,5.684341886080802e-15,False
2639,0.006513372423796682,-3.8529411764705883,5.684341886080802e-15,False
2640,0.0029491311415767996,3.8095238095238093,5.684341886080802e-15,False
2641,0.004746264105051523,-0.9428571428571428,5.684341886080802e-15,False
2642,0.0029680940751859453,4.315789473684211,5.684341886080802e-15,False
2643,0.005971743648842676,-0.9333333333333333,5.684341886080802e-15,False
2644,0.004796831924977596,3.8095238095238093,5.684341886080802e-15,False
2645,0.013027930028329138,-0.9259259259259259,5.684341886080802e-15,False
2646,0.006336780110359541,-3.6944444444444446,5.684341886080802e-15,False
2647,0.009843737530900398,-0.9230769230769231,5.684341886080802e-15,False
2648,0.002931353392341407,5.733333333333333,5.684341886080802e-15,False
2649,0.008345270764039014,-3.3658536585365852,5.684341886080802e-15,False
2650,0.007757419840345392,-6.566037735849057,5.684341886080802e-15,False
2651,0.0032023653111536987,-0.9,5.684341886080802e-15,False
2652,0.0025434033886995167,5.733333333333333,5.684341886080802e-15,False
2653,0.002626761281135259,4.9411764705882355,5.684341886080802e-15,False
2654,0.0018836513445421588,4.315789473684211,5.684341886080802e-15,False
2655,0.004452338642295217,-0.9310344827586207,5.684341886080802e-15,False
2656,0.001827157606385299,4.9411764705882355,5.684341886080802e-15,False
2657,0.0011630598910414847,6.769230769230769,5.684341886080802e-15,False
2658,0.0012215289352752734,4.9411764705882355,5.684341886080802e-15,False
2659,0.0019267130046500824,-0.9259259259259259,5.684341886080802e-15,False
2660,0.002037330114035285,-0.9333333333333333,5.684341886080802e-15,False
2661,0.0022131323039502604,-0.9259259259259259,5.684341886080802e-15,False
2662,0.005216386818574392,-0.9375,5.684341886080802e-15,False
2663,0.0024201443229685538,-6.764705882352941,5.684341886080802e-15,False
2664,0.005982410299111507,-7.145833333333333,5.684341886080802e-15,False
2665,0.0012693313274212414,-0.8888888888888888,5.684341886080802e-15,False
2666,0.0033682909725030186,-5.217391304347826,5.684341886080802e-15,False
2667,0.004405326371852425,-0.9375,5.684341886080802e-15,False
2668,0.002907649726694217,-0.9333333333333333,5.684341886080802e-15,False
2669,0.0016075036328402348,-0.9130434782608695,5.684341886080802e-15,False
2670,0.0010307144202670315,6.769230769230769,5.684341886080802e-15,False
2671,0.0018243921786051942,5.3125,5.684341886080802e-15,False
2672,0.0032146122048288817,6.769230769230769,5.684341886080802e-15,False
2673,0.0017939724748430308,-0.92,5.684341886080802e-15,False
2674,0.0029878471304982668,-5.558139534883721,5.684341886080802e-15,False
2675,0.0012298252186155878,5.3125,5.684341886080802e-15,False
2676,0.002106070745867328,-4.464285714285714,5.684341886080802e-15,False
2677,0.001001084838208044,6.214285714285714,5.684341886080802e-15,False
2678,0.0018781204889819492,3.8095238095238093,5.684341886080802e-15,False
2679,0.0018982686051458586,5.733333333333333,5.684341886080802e-15,False
2680,0.0010425662530906266,5.733333333333333,5.684341886080802e-15,False
2681,0.0016636023101455066,4.315789473684211,5.684341886080802e-15,False
2682,0.0010062206329166656,6.214285714285714,5.684341886080802e-15,False
2683,0.00282152640465938,-3.3658536585365852,5.684341886080802e-15,False
2684,0.0011784672733483603,6.769230769230769,5.684341886080802e-15,False
2685,0.0018204415682703257,-0.9166666666666666,5.684341886080802e-15,False
2686,0.0014747631012141937,4.9411764705882355,5.684341886080802e-15,False
2687,0.0022032557772035943,5.3125,5.684341886080802e-15,False
2688,0.0014538248633471085,5.733333333333333,5.684341886080802e-15,False
2689,0.003735302740096813,-4.129032258064516,5.684341886080802e-15,False
2690,0.0055810282174206804,-0.9534883720930233,5.684341886080802e-15,False
2691,0.004470116393349599,-6.0256410256410255,5.684341886080802e-15,False
2692,0.0017268120864173397,-0.9166666666666666,5.684341886080802e-15,False
2693,0.0030727852681593504,-5.9,5.684341886080802e-15,False
2694,0.0022407865817513084,-7.125,5.684341886080802e-15,False
2695,0.004231894547046977,-4.233333333333333,5.684341886080802e-15,False
2696,0.003924932070731302,-7.020408163265306,5.684341886080802e-15,False
2697,0.001972540092538111,-8.0,5.684341886080802e-15,False
2698,0.001040986009684275,5.733333333333333,5.684341886080802e-15,False
2699,0.004105870055354899,-8.296296296296296,5.684341886080802e-15,False
2700,0.0020677498177974485,2.740740740740741,5.684341886080802e-15,False
2701,0.002193774311308516,4.9411764705882355,5.684341886080802e-15,False
2702,0.0018540217606641818,-0.9130434782608695,5.684341886080802e-15,False
2703,0.0012061215511494083,4.9411764705882355,5.684341886080802e-15,False
2704,0.0026259711594320834,-3.5526315789473686,5.684341886080802e-15,False
2705,0.001251158517334261,4.9411764705882355,5.684341886080802e-15,False
2706,0.0017742194195307093,3.8095238095238093,5.684341886080802e-15,False
2707,0.0013376768984016962,4.315789473684211,5.684341886080802e-15,False
2708,0.0010279489924869267,5.733333333333333,5.684341886080802e-15,False
2709,0.0036760435741598485,-0.9259259259259259,5.684341886080802e-15,False
2710,0.0022273545055213617,-0.9310344827586207,5.684341886080802e-15,False
2711,0.0016620220649201656,-0.9166666666666666,5.684341886080802e-15,False
2712,0.003075550695939455,-4.03125,5.684341886080802e-15,False
2713,0.008666060379255214,-4.5636363636363635,5.684341886080802e-15,False
2714,0.002234860665339511,4.611111111111111,5.684341886080802e-15,False
2715,0.0034421674008626724,-4.88,5.684341886080802e-15,False
2716,0.0018322934010939207,6.769230769230769,5.684341886080802e-15,False
2717,0.005196633763262071,-4.129032258064516,5.684341886080802e-15,False
2718,0.0038478951555589447,-0.9285714285714286,5.684341886080802e-15,False
2719,0.001957527771082823,6.214285714285714,5.684341886080802e-15,False
2720,0.00184335511221434,6.769230769230769,5.684341886080802e-15,False
2721,0.003443352583417436,-0.9166666666666666,5.684341886080802e-15,False
2722,0.004586264356476022,-4.233333333333333,5.684341886080802e-15,False
2723,0.0022210335282579763,4.9411764705882355,5.684341886080802e-15,False
2724,0.003935203658329556,-0.9230769230769231,5.684341886080802e-15,False
2725,0.006780038667784538,-5.780487804878049,5.684341886080802e-15,False
2726,0.004005919594419538,-0.9393939393939394,5.684341886080802e-15,False
2727,0.002736588268817286,3.8095238095238093,5.684341886080802e-15,False
2728,0.003394760067749303,-0.9,5.684341886080802e-15,False
2729,0.0037131793160369853,-8.25925925925926,5.684341886080802e-15,False
2730,0.0020270585246180417,5.733333333333333,5.684341886080802e-15,False
2731,0.0035298709663038608,-4.88,5.684341886080802e-15,False
2732,0.0018046391232928727,6.769230769230769,5.684341886080802e-15,False
2733,0.001441973028704524,6.769230769230769,5.684341886080802e-15,False
2734,0.0014554051067534601,4.9411764705882355,5.684341886080802e-15,False
2735,0.002401576450210996,4.9411764705882355,5.684341886080802e-15,False
2736,0.001233380766279879,-0.8823529411764706,5.684341886080802e-15,False
2737,0.0014589606580557302,4.611111111111111,5.684341886080802e-15,False
2738,0.001618565343960654,6.769230769230769,5.684341886080802e-15,False
2739,0.0014771334681427106,-0.9,5.684341886080802e-15,False
2740,0.0010362452758272411,5.733333333333333,5.684341886080802e-15,False
2741,0.0011579240945138736,4.9411764705882355,5.684341886080802e-15,False
2742,0.0017564416684763273,-0.9,5.684341886080802e-15,False
2743,0.0035946609859820455,4.611111111111111,5.684341886080802e-15,False
2744,0.0033678959116514307,-7.020408163265306,5.684341886080802e-15,False
2745,0.0013767879481747514,-0.8888888888888888,5.684341886080802e-15,False
2746,0.0074081858238059795,-0.9310344827586207,5.684341886080802e-15,False
2747,0.006733421458193334,-6.705882352941177,5.684341886080802e-15,False
2748,0.0036973768728785217,-0.9130434782608695,5.684341886080802e-15,False
2749,0.002811649877912714,5.733333333333333,5.684341886080802e-15,False
2750,0.005238905299847829,4.9411764705882355,5.684341886080802e-15,False
2751,0.005679793493982288,-0.9166666666666666,5.684341886080802e-15,False
2752,0.005985175726891612,-4.464285714285714,5.684341886080802e-15,False
2753,0.002927797841039137,-0.8947368421052632,5.684341886080802e-15,False
2754,0.0026753537968033925,4.9411764705882355,5.684341886080802e-15,False
2755,0.007678802681766683,-3.0208333333333335,5.684341886080802e-15,False
2756,0.001681775120232487,6.214285714285714,5.684341886080802e-15,False
2757,0.002050367129413644,5.733333333333333,5.684341886080802e-15,False
2758,0.007172334344431874,-0.9354838709677419,5.684341886080802e-15,False
2759,0.003142711082546157,4.9411764705882355,5.684341886080802e-15,False
2760,0.004351993122327258,6.769230769230769,5.684341886080802e-15,False
2761,0.002300835871210438,5.3125,5.684341886080802e-15,False
2762,0.004874658963672118,-3.8529411764705883,5.684341886080802e-15,False
2763,0.0023118975823308574,5.3125,5.684341886080802e-15,False
2764,0.0025864650488074403,5.733333333333333,5.684341886080802e-15,False
2765,0.0017082442154787714,6.769230769230769,5.684341886080802e-15,False
2766,0.0011306648793834029,6.214285714285714,5.684341886080802e-15,False
2767,0.0018038490015896969,-0.9230769230769231,5.684341886080802e-15,False
2768,0.0013364917158469325,5.733333333333333,5.684341886080802e-15,False
2769,0.004372536301161745,6.769230769230769,5.684341886080802e-15,False
2770,0.0014625162075390108,5.733333333333333,5.684341886080802e-15,False
2771,0.0020432560304470826,-0.9090909090909091,5.684341886080802e-15,False
2772,0.0033836983566288836,-0.9230769230769231,5.684341886080802e-15,False
2773,0.00836976455138938,-7.704545454545454,5.684341886080802e-15,False
2774,0.0019097253771178657,-5.041666666666667,5.684341886080802e-15,False
2775,0.001167800623079529,4.9411764705882355,5.684341886080802e-15,False
2776,0.0012104672241548542,5.733333333333333,5.684341886080802e-15,False
2777,0.0010445415591675555,5.733333333333333,5.684341886080802e-15,False
2778,0.001205331427627243,5.733333333333333,5.684341886080802e-15,False
2779,0.0013605904423457105,-0.9,5.684341886080802e-15,False
2780,0.004413622655192739,4.05,5.684341886080802e-15,False
2781,0.0012823683446185896,6.769230769230769,5.684341886080802e-15,False
2782,0.0010998501129506622,5.733333333333333,5.684341886080802e-15,False
2783,0.0017461700808780733,-0.8823529411764706,5.684341886080802e-15,False
2784,0.0008896776071196655,6.769230769230769,5.684341886080802e-15,False
2785,0.00257382309246168,-3.6216216216216215,5.684341886080802e-15,False
2786,0.002221428589109564,-0.9,5.684341886080802e-15,False
2787,0.004848189870244823,-0.9090909090909091,5.684341886080802e-15,False
2788,0.0016639973709970945,-0.9,5.684341886080802e-15,False
2789,0.0020329844428488286,-0.9285714285714286,5.684341886080802e-15,False
2790,0.0009129862119152676,6.769230769230769,5.684341886080802e-15,False
2791,0.0031778715219843434,-6.0256410256410255,5.684341886080802e-15,False
2792,0.0013021213999309111,4.315789473684211,5.684341886080802e-15,False
2793,0.006191397624206729,-3.6216216216216215,5.684341886080802e-15,False
2794,0.000995553980828845,6.769230769230769,5.684341886080802e-15,False
2795,0.0012065166120009962,4.9411764705882355,5.684341886080802e-15,False
2796,0.0021021201355324592,-4.129032258064516,5.684341886080802e-15,False
2797,0.0018358489505772013,3.2083333333333335,5.684341886080802e-15,False
2798,0.0013060720102657797,4.315789473684211,5.684341886080802e-15,False
2799,0.0013353065332921688,5.733333333333333,5.684341886080802e-15,False
2800,0.003678018878417788,5.733333333333333,5.684341886080802e-15,False
2801,0.0016588615762884729,-0.9,5.684341886080802e-15,False
2802,0.003627846119343303,4.9411764705882355,5.684341886080802e-15,False
2803,0.002590020598290721,5.733333333333333,5.684341886080802e-15,False
2804,0.005310806422130554,-5.041666666666667,5.684341886080802e-15,False
2805,0.0032300195871357573,4.315789473684211,5.684341886080802e-15,False
2806,0.002589625537439133,4.315789473684211,5.684341886080802e-15,False
2807,0.003010365613590693,6.769230769230769,5.684341886080802e-15,False
2808,0.001829132912462228,-0.875,5.684341886080802e-15,False
2809,0.002561576198786497,4.05,5.684341886080802e-15,False
2810,0.0015944666156428866,6.769230769230769,5.684341886080802e-15,False
2811,0.002009280775382649,5.733333333333333,5.684341886080802e-15,False
2812,0.0023051815423968947,4.9411764705882355,5.684341886080802e-15,False
2813,0.0037684878734580707,5.3125,5.684341886080802e-15,False
2814,0.002087897933961358,3.8095238095238093,5.684341886080802e-15,False
2815,0.003039205073946505,-0.9166666666666666,5.684341886080802e-15,False
2816,0.002956637303213938,-0.9166666666666666,5.684341886080802e-15,False
2817,0.0010212329543719534,-0.8571428571428571,5.684341886080802e-15,False
2818,0.001718120740406448,5.3125,5.684341886080802e-15,False
2819,0.0018101699788530823,5.733333333333333,5.684341886080802e-15,False
2820,0.002575403337687021,-3.8529411764705883,5.684341886080802e-15,False
2821,0.001030714422086021,5.733333333333333,5.684341886080802e-15,False
2822,0.0011433068339101737,4.9411764705882355,5.684341886080802e-15,False
2823,0.0018737748159765033,-0.9285714285714286,5.684341886080802e-15,False
2824,0.0013835039862897247,-0.9,5.684341886080802e-15,False
2825,0.0010299242985638557,5.733333333333333,5.684341886080802e-15,False
2826,0.0015589111153531121,-0.9130434782608695,5.684341886080802e-15,False
2827,0.005121572152347653,-0.9333333333333333,5.684341886080802e-15,False
2828,0.006854705217847368,-5.538461538461538,5.684341886080802e-15,False
2829,0.00559920102932665,-0.8947368421052632,5.684341886080802e-15,False
2830,0.00118399812890857,4.9411764705882355,5.684341886080802e-15,False
2831,0.00101451691625698,6.214285714285714,5.684341886080802e-15,False
2832,0.0008904677288228413,6.769230769230769,5.684341886080802e-15,False
2833,0.0015466642216779292,5.733333333333333,5.684341886080802e-15,False
2834,0.003461525395323406,5.733333333333333,5.684341886080802e-15,False
2835,0.0035026117493544007,-0.9090909090909091,5.684341886080802e-15,False
2836,0.0014411829088203376,5.3125,5.684341886080802e-15,False
2837,0.005507546851731604,-6.297297297297297,5.684341886080802e-15,False
2838,0.0010745662038971204,6.769230769230769,5.684341886080802e-15,False
2839,0.0012325906445767032,-0.8888888888888888,5.684341886080802e-15,False
2840,0.0011196031682629837,-0.875,5.684341886080802e-15,False
2841,0.0013222695142758312,-0.8947368421052632,5.684341886080802e-15,False
2842,0.0010793069359351648,-0.875,5.684341886080802e-15,False
2843,0.00227318159340939,6.214285714285714,5.684341886080802e-15,False
2844,0.0032438467260362813,-0.9259259259259259,5.684341886080802e-15,False
2845,0.0026326871975470567,3.391304347826087,5.684341886080802e-15,False
2846,0.002506267643184401,3.590909090909091,5.684341886080802e-15,False
2847,0.0012001956347376108,-0.8823529411764706,5.684341886080802e-15,False
2848,0.0008932331566029461,6.769230769230769,5.684341886080802e-15,False
2849,0.006061027459509205,-8.163636363636364,5.684341886080802e-15,False
2850,0.001763552769261878,6.769230769230769,5.684341886080802e-15,False
2851,0.0010599489414744312,5.733333333333333,5.684341886080802e-15,False
2852,0.0012744671221298631,4.611111111111111,5.684341886080802e-15,False
2853,0.0030190569577825954,-3.3658536585365852,5.684341886080802e-15,False
2854,0.0022056261441321112,5.733333333333333,5.684341886080802e-15,False
2855,0.0022309100550046423,5.733333333333333,5.684341886080802e-15,False
2856,0.0024098727353702998,4.611111111111111,5.684341886080802e-15,False
2857,0.0019006389720743755,6.769230769230769,5.684341886080802e-15,False
2858,0.004223203202855075,-0.9428571428571428,5.684341886080802e-15,False
2859,0.002026268402914866,6.214285714285714,5.684341886080802e-15,False
2860,0.00244266280606098,4.9411764705882355,5.684341886080802e-15,False
2861,0.007583592954688356,-4.379310344827586,5.684341886080802e-15,False
2862,0.0033311552288068924,-3.6216216216216215,5.684341886080802e-15,False
2863,0.0012187635074951686,5.733333333333333,5.684341886080802e-15,False
2864,0.002415008528259932,-3.8529411764705883,5.684341886080802e-15,False
2865,0.0010449366218381329,5.733333333333333,5.684341886080802e-15,False
2866,0.0014561952302756254,-0.8947368421052632,5.684341886080802e-15,False
2867,0.001338467020104872,4.315789473684211,5.684341886080802e-15,False
2868,0.0016869109149411088,3.8095238095238093,5.684341886080802e-15,False
2869,0.0010255786273773992,5.733333333333333,5.684341886080802e-15,False
2870,0.0011918993513972964,4.9411764705882355,5.684341886080802e-15,False
2871,0.0009931836157193175,6.214285714285714,5.684341886080802e-15,False
2872,0.0008924430348997703,6.769230769230769,5.684341886080802e-15,False
2873,0.0014396026635949966,4.9411764705882355,5.684341886080802e-15,False
2874,0.0054494728701683925,-4.03125,5.684341886080802e-15,False
2875,0.001547454343381105,3.8095238095238093,5.684341886080802e-15,False
2876,0.0018397995627310593,-0.92,5.684341886080802e-15,False
2877,0.0012013808172923746,-0.875,5.684341886080802e-15,False
2878,0.0017904169253597502,6.769230769230769,5.684341886080802e-15,False
2879,0.0035330314549355535,-0.9259259259259259,5.684341886080802e-15,False
2880,0.002495996055586147,4.9411764705882355,5.684341886080802e-15,False
2881,0.003090958078246331,-0.9130434782608695,5.684341886080802e-15,False
2882,0.0011887388609466143,5.733333333333333,5.684341886080802e-15,False
2883,0.0035697721359611023,-3.8529411764705883,5.684341886080802e-15,False
2884,0.004714659215096617,-5.9,5.684341886080802e-15,False
2885,0.0011780722124967724,4.9411764705882355,5.684341886080802e-15,False
2886,0.0015032075007184176,4.315789473684211,5.684341886080802e-15,False
2887,0.0025860699879558524,-4.129032258064516,5.684341886080802e-15,False
2888,0.0011922944122488843,4.9411764705882355,5.684341886080802e-15,False
2889,0.0020823670802201377,-7.533333333333333,5.684341886080802e-15,False
2890,0.001002665083433385,6.214285714285714,5.684341886080802e-15,False
2891,0.0031150568065640982,-0.9523809523809523,5.684341886080802e-15,False
2892,0.001225479545610142,6.769230769230769,5.684341886080802e-15,False
2893,0.0019689845430548303,-4.344827586206897,5.684341886080802e-15,False
2894,0.0010228131995972944,5.733333333333333,5.684341886080802e-15,False
2895,0.004975399546310655,3.8095238095238093,5.684341886080802e-15,False
2896,0.003275451614172198,-0.9090909090909091,5.684341886080802e-15,False
2897,0.002573428031610092,6.769230769230769,5.684341886080802e-15,False
2898,0.001251158517334261,4.9411764705882355,5.684341886080802e-15,False
2899,0.0035286857819301076,-8.576923076923077,5.684341886080802e-15,False
2900,0.003337871268740855,-2.979591836734694,5.684341886080802e-15,False
2901,0.002455699821439339,-3.6944444444444446,5.684341886080802e-15,False
2902,0.002698662403417984,-0.9333333333333333,5.684341886080802e-15,False
2903,0.0022344656063069124,4.9411764705882355,5.684341886080802e-15,False
2904,0.002063404146610992,5.733333333333333,5.684341886080802e-15,False
2905,0.003222118364647031,-0.92,5.684341886080802e-15,False
2906,0.003924932068912312,-4.592592592592593,5.684341886080802e-15,False
2907,0.002966908890812192,4.9411764705882355,5.684341886080802e-15,False
2908,0.0024082924901449587,5.3125,5.684341886080802e-15,False
2909,0.0026362427488493267,4.315789473684211,5.684341886080802e-15,False
2910,0.002470712144713616,4.315789473684211,5.684341886080802e-15,False
2911,0.001473182857807842,6.214285714285714,5.684341886080802e-15,False
2912,0.003233970197470626,-5.9,5.684341886080802e-15,False
2913,0.0028195510985824512,-3.9393939393939394,5.684341886080802e-15,False
2914,0.002068144880468026,6.214285714285714,5.684341886080802e-15,False
2915,0.0020906633617414627,6.769230769230769,5.684341886080802e-15,False
2916,0.0033963403111556545,-0.9166666666666666,5.684341886080802e-15,False
2917,0.0017623675848881248,6.769230769230769,5.684341886080802e-15,False
2918,0.003979845561843831,-0.9285714285714286,5.684341886080802e-15,False
2919,0.002206811326686875,5.733333333333333,5.684341886080802e-15,False
2920,0.002081181897665374,5.733333333333333,5.684341886080802e-15,False
2921,0.0037167348673392553,-0.9166666666666666,5.684341886080802e-15,False
2922,0.004649869193599443,-0.9333333333333333,5.684341886080802e-15,False
2923,0.0018085897336277412,6.769230769230769,5.684341886080802e-15,False
2924,0.0036065128188056406,-0.9259259259259259,5.684341886080802e-15,False
2925,0.004022512161100167,-0.9310344827586207,5.684341886080802e-15,False
2926,0.0042145118586631725,-0.9259259259259259,5.684341886080802e-15,False
2927,0.0022510581711685518,5.3125,5.684341886080802e-15,False
2928,0.0018445402947691036,6.214285714285714,5.684341886080802e-15,False
2929,0.003177081398462178,-0.92,5.684341886080802e-15,False
2930,0.001723651597785647,4.9411764705882355,5.684341886080802e-15,False
2931,0.002484934344465728,4.9411764705882355,5.684341886080802e-15,False
2932,0.0024244899959739996,4.9411764705882355,5.684341886080802e-15,False
2933,0.0037396484112832695,-0.9310344827586207,5.684341886080802e-15,False
2934,0.002502317034668522,4.315789473684211,5.684341886080802e-15,False
2935,0.003951006103307009,-0.9166666666666666,5.684341886080802e-15,False
2936,0.0020503671312326333,4.9411764705882355,5.684341886080802e-15,False
2937,0.005378361871407833,3.391304347826087,5.684341886080802e-15,False
2938,0.002358119731070474,6.769230769230769,5.684341886080802e-15,False
2939,0.0020811818958463846,5.733333333333333,5.684341886080802e-15,False
2940,0.0027006377076759236,-0.875,5.684341886080802e-15,False
2941,0.0022000952885719016,5.733333333333333,5.684341886080802e-15,False
2942,0.0019808363758784253,6.214285714285714,5.684341886080802e-15,False
2943,0.004831597303564195,-6.297297297297297,5.684341886080802e-15,False
2944,0.002234860665339511,6.769230769230769,5.684341886080802e-15,False
2945,0.005556139367399737,-0.8888888888888888,5.684341886080802e-15,False
2946,0.005315547154168598,-4.03125,5.684341886080802e-15,False
2947,0.002075651040286175,-0.8571428571428571,5.684341886080802e-15,False
2948,0.004153672449319856,-7.32258064516129,5.684341886080802e-15,False
2949,0.0018350588288740255,6.769230769230769,5.684341886080802e-15,False
2950,0.001908145133711514,6.214285714285714,5.684341886080802e-15,False
2951,0.00213846575570642,-0.9,5.684341886080802e-15,False
2952,0.0017935774121724535,4.9411764705882355,5.684341886080802e-15,False
2953,0.004146166287682718,-3.425,5.684341886080802e-15,False
2954,0.0017829107637226116,4.9411764705882355,5.684341886080802e-15,False
2955,0.0013728373360208934,6.769230769230769,5.684341886080802e-15,False
2956,0.0018066144275508123,6.769230769230769,5.684341886080802e-15,False
2957,0.0020606387188308872,5.733333333333333,5.684341886080802e-15,False
2958,0.0021447867329698056,-0.8666666666666667,5.684341886080802e-15,False
2959,0.00788344433203747,-0.9375,5.684341886080802e-15,False
2960,0.0037838952557649463,3.8095238095238093,5.684341886080802e-15,False
2961,0.0015980221651261672,5.733333333333333,5.684341886080802e-15,False
2962,0.001393775575706968,6.769230769230769,5.684341886080802e-15,False
2963,0.002669032819540007,3.391304347826087,5.684341886080802e-15,False
2964,0.0029546619989559986,5.3125,5.684341886080802e-15,False
2965,0.004924041601043427,-4.464285714285714,5.684341886080802e-15,False
2966,0.01797251481002604,-0.8823529411764706,5.684341886080802e-15,False
2967,0.002049972068562056,5.733333333333333,5.684341886080802e-15,False
2968,0.003506562359689269,-5.041666666666667,5.684341886080802e-15,False
2969,0.004784980092154001,-0.9166666666666666,5.684341886080802e-15,False
2970,0.0035563400597311556,-0.9259259259259259,5.684341886080802e-15,False
2971,0.0021633546057273634,4.9411764705882355,5.684341886080802e-15,False
2972,0.004539647146884818,-0.8947368421052632,5.684341886080802e-15,False
2973,0.0019053797059314093,6.769230769230769,5.684341886080802e-15,False
2974,0.002505872582332813,6.769230769230769,5.684341886080802e-15,False
2975,0.0020440461521502584,4.315789473684211,5.684341886080802e-15,False
2976,0.004770757894220878,4.9411764705882355,5.684341886080802e-15,False
2977,0.012986448613446555,-7.276595744680851,5.684341886080802e-15,False
2978,0.006489273695478914,-0.9,5.684341886080802e-15,False
2979,0.0047802393601159565,4.9411764705882355,5.684341886080802e-15,False
2980,0.015611629651175463,-10.30188679245283,5.684341886080802e-15,False
2981,0.007252926809087512,-4.592592592592593,5.684341886080802e-15,False
2982,0.0013475534269673517,6.769230769230769,5.684341886080802e-15,False
2983,0.0055272999070439255,-0.9230769230769231,5.684341886080802e-15,False
2984,0.0024888849548005965,-0.92,5.684341886080802e-15,False
2985,0.0018595526162243914,-0.8888888888888888,5.684341886080802e-15,False
2986,0.0028195511004014406,4.315789473684211,5.684341886080802e-15,False
2987,0.004304980851884466,5.733333333333333,5.684341886080802e-15,False
2988,0.005184386867767898,-7.145833333333333,5.684341886080802e-15,False
2989,0.0019642438091977965,6.769230769230769,5.684341886080802e-15,False
2990,0.004264684619556647,-4.233333333333333,5.684341886080802e-15,False
2991,0.0069629519603040535,-3.4871794871794872,5.684341886080802e-15,False
2992,0.004371746177639579,-4.129032258064516,5.684341886080802e-15,False
2993,0.007956135574204382,-3.5526315789473686,5.684341886080802e-15,False
2994,0.0014542199241986964,-0.9047619047619048,5.684341886080802e-15,False
2995,0.00281243999961589,-3.8529411764705883,5.684341886080802e-15,False
2996,0.0025347120445076143,-0.9285714285714286,5.684341886080802e-15,False
2997,0.007681568107727799,-5.666666666666667,5.684341886080802e-15,False
2998,0.0016967874435067642,5.3125,5.684341886080802e-15,False
2999,0.0017829107619036222,-0.8571428571428571,5.684341886080802e-15,False
3000,0.0010619242475513602,5.733333333333333,5.684341886080802e-15,True
